specimen_id,sweep_number,stimulus_amplitude_pA,num_spikes
525011903,4,800000000000000.0,0
525011903,5,800000000000000.0,0
525011903,6,800000000000000.0,0
525011903,7,100000000000000.0,0
525011903,8,200000000000000.0,0
525011903,9,300000000000000.0,0
525011903,10,400000000000000.0,0
525011903,11,499999969482421.9,1
525011903,12,450000000000000.0,0
525011903,13,469999969482421.9,0
525011903,14,489999969482421.9,0
525011903,15,509999969482421.9,1
525011903,16,499999969482421.9,0
525011903,17,509999969482421.9,0
525011903,18,520000000000000.0,0
525011903,19,530000000000000.0,0
525011903,20,540000000000000.0,0
525011903,21,550000000000000.0,0
525011903,22,560000000000000.0,0
525011903,23,570000000000000.0,0
525011903,24,580000000000000.0,0
525011903,25,590000000000000.0,1
525011903,26,590000000000000.0,1
525011903,27,590000000000000.0,0
525011903,28,590000000000000.0,1
525011903,29,590000000000000.0,0
525011903,30,135000000000000.0,0
525011903,31,115000000000000.0,0
525011903,32,95000000000000.0,0
525011903,33,75000000000000.0,0
525011903,34,55000000000000.0,0
525011903,35,35000000000000.0,0
525011903,36,25000000000000.0,0
525011903,37,29999998092651.367,0
525011903,38,50000000000000.0,0
525011903,39,70000000000000.0,0
525011903,40,90000000000000.0,5
525011903,41,110000000000000.0,10
525011903,42,130000000000000.0,13
525011903,43,150000000000000.0,16
525011903,44,170000000000000.0,18
525011903,45,190000000000000.0,21
525011903,46,210000000000000.0,23
525011903,47,230000000000000.0,24
525011903,49,90000000000000.0,2
525011903,50,90000000000000.0,2
525011903,51,90000000000000.0,2
525011903,52,90000000000000.0,2
525011903,53,208750000000000.0,0
525011903,54,212500000000000.0,0
525011903,55,208750000000000.0,0
525011903,56,212500000000000.0,0
525011903,57,208750000000000.0,0
525011903,58,212500000000000.0,0
525011903,59,208750000000000.0,0
525011903,60,212500000000000.0,0
525011903,62,400000000000000.0,0
525011903,63,400000000000000.0,0
525011903,65,100000000000000.0,2
525011903,66,100000000000000.0,1
525011903,67,100000000000000.0,1
525011903,68,100000000000000.0,1
525011903,69,140000000000000.0,8
525011903,70,140000000000000.0,7
525011903,71,140000000000000.0,8
525011903,72,140000000000000.0,7
525011903,73,180000000000000.0,13
525011903,74,180000000000000.0,12
525011903,75,180000000000000.0,12
525011903,76,180000000000000.0,12
525011903,77,429375000000000.0,0
525011903,78,429375000000000.0,0
525011903,79,429375000000000.0,0
525011903,80,590000000000000.0,0
525011903,81,600000000000000.0,0
525011903,82,610000000000000.0,0
525011903,83,630000000000000.0,0
525011903,84,650000000000000.0,0
525011903,85,700000000000000.0,0
525011903,86,750000000000000.0,0
525011903,87,800000000000000.0,0
525011903,88,850000000000000.0,0
525011903,90,830000000000000.0,0
525011903,91,820000000000000.0,0
525011903,92,830000000000000.0,0
525011903,93,830000000000000.0,0
525011903,94,830000000000000.0,0
525011903,95,830000000000000.0,0
525011903,96,830000000000000.0,0
525011903,97,830000000000000.0,0
525011903,98,830000000000000.0,0
525011903,99,830000000000000.0,0
525011903,100,830000000000000.0,0
525011903,101,830000000000000.0,0
525011903,102,830000000000000.0,0
525011903,103,830000000000000.0,0
525011903,104,830000000000000.0,0
525011903,105,830000000000000.0,0
525011903,106,830000000000000.0,0
525011903,107,830000000000000.0,0
525011903,108,830000000000000.0,0
525011903,109,830000000000000.0,0
525011903,110,830000000000000.0,0
525011903,111,830000000000000.0,0
525011903,112,830000000000000.0,0
525011903,115,25000000000000.0,0
528642047,4,800000000000000.0,0
528642047,5,800000000000000.0,0
528642047,6,800000000000000.0,0
528642047,7,100000000000000.0,0
528642047,8,200000000000000.0,0
528642047,9,300000000000000.0,1
528642047,10,249999984741210.94,0
528642047,11,270000000000000.0,1
528642047,12,260000000000000.0,1
528642047,13,260000000000000.0,1
528642047,14,260000000000000.0,1
528642047,15,260000000000000.0,0
528642047,16,260000000000000.0,1
528642047,17,160000000000000.0,0
528642047,18,140000000000000.0,0
528642047,19,120000000000000.0,0
528642047,20,100000000000000.0,0
528642047,24,50000000000000.0,0
528642047,25,50000000000000.0,0
528642047,26,70000000000000.0,0
528642047,27,90000000000000.0,1
528642047,30,150000000000000.0,76
528642047,31,170000000000000.0,85
528642047,32,190000000000000.0,93
528642047,33,210000000000000.0,101
528642047,35,100000000000000.0,47
528642047,36,50000000000000.0,0
528642047,47,50000000000000.0,0
537256313,4,800000000000000.0,0
537256313,5,800000000000000.0,0
537256313,6,800000000000000.0,0
537256313,7,100000000000000.0,0
537256313,8,200000000000000.0,0
537256313,9,300000000000000.0,0
537256313,10,400000000000000.0,0
537256313,11,499999969482421.9,0
537256313,12,600000000000000.0,0
537256313,13,700000000000000.0,0
537256313,14,800000000000000.0,1
537256313,15,750000000000000.0,1
537256313,16,730000000000000.0,0
537256313,17,740000000000000.0,0
537256313,18,750000000000000.0,1
537256313,19,750000000000000.0,1
537256313,21,750000000000000.0,1
537256313,22,750000000000000.0,1
537256313,23,160000000000000.0,0
537256313,25,120000000000000.0,0
537256313,26,100000000000000.0,0
537256313,28,60000000000000.0,0
537256313,29,50000000000000.0,0
537256313,30,50000000000000.0,0
537256313,31,50000000000000.0,0
537256313,32,70000000000000.0,0
537256313,33,90000000000000.0,6
537256313,34,110000000000000.0,12
537256313,35,130000000000000.0,18
537256313,36,150000000000000.0,22
537256313,37,170000000000000.0,27
537256313,38,190000000000000.0,29
537256313,39,210000000000000.0,33
537256313,40,230000000000000.0,35
537256313,41,80000000000000.0,4
537256313,42,59999996185302.734,0
537256313,43,70000000000000.0,1
537256313,44,70000000000000.0,1
537256313,45,70000000000000.0,2
537256313,46,70000000000000.0,1
537256313,47,162250000000000.0,0
537256313,48,165000000000000.0,0
537256313,49,162250000000000.0,0
537256313,50,165000000000000.0,0
537256313,51,162250000000000.0,0
537256313,52,165000000000000.0,0
537256313,53,162250000000000.0,0
537256313,56,400000000000000.0,0
537256313,57,400000000000000.0,0
537256313,60,50000000000000.0,0
519832676,4,800000000000000.0,0
519832676,5,800000000000000.0,0
519832676,6,800000000000000.0,0
519832676,7,100000000000000.0,0
519832676,8,200000000000000.0,0
519832676,9,300000000000000.0,0
519832676,10,400000000000000.0,0
519832676,11,499999969482421.9,0
519832676,12,600000000000000.0,0
519832676,13,700000000000000.0,0
519832676,14,800000000000000.0,0
519832676,15,900000000000000.0,0
519832676,16,999999938964843.8,0
519832676,17,1100000000000000.0,0
519832676,18,1200000000000000.0,0
519832676,19,1300000000000000.0,0
519832676,20,1400000000000000.0,1
519832676,21,1300000000000000.0,1
519832676,22,1300000000000000.0,1
519832676,23,1300000000000000.0,1
519832676,24,1300000000000000.0,1
519832676,25,1300000000000000.0,1
519832676,26,160000000000000.0,0
519832676,30,80000000000000.0,0
519832676,31,60000000000000.0,0
519832676,32,50000000000000.0,0
519832676,33,50000000000000.0,0
519832676,34,50000000000000.0,0
519832676,35,70000000000000.0,0
519832676,37,110000000000000.0,0
519832676,38,130000000000000.0,1
519832676,39,150000000000000.0,3
519832676,40,170000000000000.0,4
519832676,41,190000000000000.0,5
519832676,42,210000000000000.0,5
519832676,43,230000000000000.0,7
519832676,75,50000000000000.0,0
569095789,4,800000000000000.0,0
569095789,5,800000000000000.0,0
569095789,6,800000000000000.0,0
569095789,7,100000000000000.0,0
569095789,8,200000000000000.0,0
569095789,9,300000000000000.0,0
569095789,10,400000000000000.0,0
569095789,11,499999969482421.9,0
569095789,12,600000000000000.0,0
569095789,13,700000000000000.0,0
569095789,14,800000000000000.0,0
569095789,15,900000000000000.0,1
569095789,16,850000000000000.0,0
569095789,17,870000000000000.0,0
569095789,18,880000000000000.0,0
569095789,19,890000000000000.0,0
569095789,20,900000000000000.0,0
569095789,21,949999938964843.8,1
569095789,22,920000000000000.0,0
569095789,23,930000000000000.0,0
569095789,24,939999938964843.8,0
569095789,25,949999938964843.8,0
569095789,28,969999938964843.8,1
569095789,35,160000000000000.0,0
569095789,36,140000000000000.0,0
569095789,38,100000000000000.0,0
569095789,39,80000000000000.0,0
569095789,40,60000000000000.0,0
569095789,41,50000000000000.0,0
569095789,42,50000000000000.0,0
569095789,43,50000000000000.0,0
569095789,44,70000000000000.0,0
569095789,45,90000000000000.0,0
569095789,46,110000000000000.0,0
569095789,47,130000000000000.0,3
569095789,49,170000000000000.0,9
569095789,50,190000000000000.0,12
569095789,74,50000000000000.0,0
576095991,6,800000000000000.0,0
576095991,7,800000000000000.0,0
576095991,8,100000000000000.0,0
576095991,9,200000000000000.0,0
576095991,10,300000000000000.0,0
576095991,11,400000000000000.0,0
576095991,12,499999969482421.9,1
576095991,13,450000000000000.0,1
576095991,14,430000000000000.0,0
576095991,16,440000000000000.0,1
576095991,19,440000000000000.0,0
576095991,21,450000000000000.0,0
576095991,22,460000000000000.0,1
576095991,25,469999969482421.9,1
576095991,27,469999969482421.9,1
576095991,28,469999969482421.9,0
576095991,30,469999969482421.9,0
576095991,31,469999969482421.9,0
576095991,34,140000000000000.0,0
576095991,35,120000000000000.0,0
576095991,36,100000000000000.0,0
576095991,37,80000000000000.0,0
576095991,38,60000000000000.0,0
576095991,41,50000000000000.0,0
576095991,42,70000000000000.0,4
576095991,43,90000000000000.0,9
576095991,44,110000000000000.0,13
576095991,45,130000000000000.0,16
576095991,46,150000000000000.0,19
576095991,48,190000000000000.0,25
576095991,49,210000000000000.0,27
576095991,51,70000000000000.0,0
576095991,53,80000000000000.0,4
576095991,54,80000000000000.0,5
576095991,55,80000000000000.0,5
576095991,57,119999992370605.47,13
576095991,58,119999992370605.47,13
576095991,59,119999992370605.47,13
576095991,60,119999992370605.47,13
576095991,61,160000000000000.0,19
576095991,62,160000000000000.0,18
576095991,63,80000000000000.0,3
576095991,64,185375000000000.0,0
576095991,65,188625000000000.0,0
576095991,66,185375000000000.0,0
576095991,67,188625000000000.0,0
576095991,68,469999969482421.9,0
576095991,69,479999969482421.9,0
576095991,70,489999969482421.9,0
576095991,71,499999969482421.9,0
576095991,72,550000000000000.0,1
576095991,73,530000000000000.0,1
576095991,74,509999969482421.9,0
576095991,75,520000000000000.0,0
576095991,76,530000000000000.0,1
576095991,77,530000000000000.0,0
576095991,78,530000000000000.0,0
576095991,86,530000000000000.0,0
576095991,87,530000000000000.0,0
576095991,88,530000000000000.0,0
576095991,89,530000000000000.0,0
576095991,90,530000000000000.0,0
576095991,91,530000000000000.0,0
576095991,92,530000000000000.0,0
576095991,93,530000000000000.0,0
576095991,94,530000000000000.0,0
576095991,95,530000000000000.0,0
576095991,96,530000000000000.0,0
576095991,97,530000000000000.0,0
576095991,99,400000000000000.0,0
576095991,100,400000000000000.0,0
576095991,106,400000000000000.0,0
576095991,109,50000000000000.0,0
545608578,8,800000000000000.0,0
545608578,9,800000000000000.0,0
545608578,10,800000000000000.0,0
545608578,11,100000000000000.0,0
545608578,12,200000000000000.0,0
545608578,13,300000000000000.0,0
545608578,14,400000000000000.0,0
545608578,15,499999969482421.9,0
545608578,16,600000000000000.0,0
545608578,17,700000000000000.0,0
545608578,18,800000000000000.0,0
545608578,19,900000000000000.0,0
545608578,20,999999938964843.8,0
545608578,21,1100000000000000.0,0
545608578,22,1200000000000000.0,0
545608578,23,1300000000000000.0,0
545608578,24,1400000000000000.0,0
545608578,25,1500000000000000.0,0
545608578,26,1600000000000000.0,0
545608578,27,1700000000000000.0,0
545608578,28,1800000000000000.0,0
545608578,29,1899999877929687.5,0
545608578,30,1999999877929687.5,0
545608578,31,2100000000000000.0,1
545608578,32,2050000000000000.0,0
545608578,33,2070000000000000.0,0
545608578,34,2090000000000000.0,0
545608578,35,2100000000000000.0,0
545608578,36,2130000000000000.0,0
545608578,37,2160000000000000.0,0
545608578,38,2190000000000000.0,1
545608578,39,2190000000000000.0,0
545608578,40,2190000000000000.0,0
545608578,41,2220000000000000.0,0
545608578,42,2250000000000000.0,1
545608578,43,2250000000000000.0,1
545608578,44,2250000000000000.0,1
545608578,45,2250000000000000.0,0
545608578,46,2250000000000000.0,0
545608578,47,160000000000000.0,0
545608578,48,140000000000000.0,0
545608578,49,120000000000000.0,0
545608578,50,100000000000000.0,0
545608578,51,80000000000000.0,0
545608578,53,50000000000000.0,0
545608578,54,50000000000000.0,0
545608578,55,50000000000000.0,0
545608578,56,70000000000000.0,0
545608578,57,90000000000000.0,0
545608578,58,110000000000000.0,0
545608578,59,130000000000000.0,0
545608578,60,150000000000000.0,0
545608578,61,170000000000000.0,0
545608578,62,190000000000000.0,0
545608578,63,210000000000000.0,0
545608578,64,230000000000000.0,0
545608578,65,249999984741210.94,0
545608578,66,270000000000000.0,0
545608578,67,290000000000000.0,0
545608578,68,310000000000000.0,0
545608578,69,330000000000000.0,0
545608578,70,350000000000000.0,0
545608578,71,370000000000000.0,0
545608578,72,390000000000000.0,0
545608578,73,410000000000000.0,0
545608578,74,430000000000000.0,0
545608578,75,450000000000000.0,0
545608578,76,469999969482421.9,0
545608578,77,489999969482421.9,0
545608578,78,509999969482421.9,0
545608578,79,530000000000000.0,0
545608578,80,550000000000000.0,0
545608578,81,570000000000000.0,1
545608578,82,590000000000000.0,1
545608578,83,610000000000000.0,1
545608578,84,630000000000000.0,3
545608578,85,650000000000000.0,5
545608578,86,670000000000000.0,7
545608578,87,690000000000000.0,8
545608578,88,710000000000000.0,9
545608578,89,560000000000000.0,1
545608578,90,550000000000000.0,0
545608578,91,560000000000000.0,1
545608578,92,560000000000000.0,1
545608578,93,560000000000000.0,1
545608578,94,560000000000000.0,0
545608578,95,1298000000000000.0,0
545608578,96,1320250000000000.0,0
545608578,97,1298000000000000.0,0
545608578,98,1320250000000000.0,0
545608578,99,1298000000000000.0,0
545608578,100,1320250000000000.0,0
545608578,101,1298000000000000.0,0
545608578,102,1320250000000000.0,0
545608578,105,400000000000000.0,0
545608578,108,50000000000000.0,0
561467633,6,800000000000000.0,0
561467633,7,800000000000000.0,0
561467633,8,800000000000000.0,0
561467633,9,100000000000000.0,0
561467633,10,200000000000000.0,0
561467633,11,300000000000000.0,0
561467633,12,400000000000000.0,0
561467633,13,499999969482421.9,0
561467633,14,600000000000000.0,0
561467633,15,700000000000000.0,0
561467633,16,800000000000000.0,0
561467633,17,900000000000000.0,0
561467633,18,999999938964843.8,0
561467633,19,1100000000000000.0,0
561467633,20,1200000000000000.0,0
561467633,21,1300000000000000.0,0
561467633,22,1400000000000000.0,0
561467633,23,1500000000000000.0,0
561467633,24,1600000000000000.0,1
561467633,25,1550000000000000.0,1
561467633,26,1530000000000000.0,0
561467633,27,1540000000000000.0,0
561467633,28,1550000000000000.0,0
561467633,29,1560000000000000.0,1
561467633,30,1560000000000000.0,0
561467633,31,1570000000000000.0,1
561467633,32,1570000000000000.0,1
561467633,33,1570000000000000.0,1
561467633,34,1570000000000000.0,0
561467633,44,160000000000000.0,0
561467633,45,140000000000000.0,0
561467633,46,120000000000000.0,0
561467633,47,100000000000000.0,0
561467633,48,80000000000000.0,0
561467633,49,60000000000000.0,0
561467633,50,50000000000000.0,0
561467633,51,50000000000000.0,0
561467633,52,50000000000000.0,0
561467633,53,70000000000000.0,0
561467633,54,90000000000000.0,0
561467633,55,110000000000000.0,0
561467633,56,130000000000000.0,0
561467633,57,150000000000000.0,1
561467633,58,170000000000000.0,1
561467633,59,190000000000000.0,2
561467633,60,210000000000000.0,2
561467633,61,230000000000000.0,3
561467633,62,249999984741210.94,3
561467633,63,270000000000000.0,4
561467633,64,290000000000000.0,5
561467633,65,140000000000000.0,0
561467633,66,160000000000000.0,0
561467633,67,180000000000000.0,1
561467633,68,180000000000000.0,1
561467633,69,180000000000000.0,1
561467633,70,180000000000000.0,1
561467633,72,400000000000000.0,0
561467633,73,400000000000000.0,0
561467633,77,50000000000000.0,0
528706755,4,800000000000000.0,0
528706755,5,800000000000000.0,0
528706755,6,800000000000000.0,0
528706755,7,100000000000000.0,0
528706755,8,200000000000000.0,0
528706755,9,300000000000000.0,0
528706755,10,400000000000000.0,0
528706755,11,499999969482421.9,0
528706755,12,600000000000000.0,0
528706755,16,999999938964843.8,0
528706755,17,1100000000000000.0,0
528706755,18,1200000000000000.0,0
528706755,19,1300000000000000.0,0
528706755,20,1400000000000000.0,0
528706755,21,1500000000000000.0,0
528706755,22,1600000000000000.0,0
528706755,23,1700000000000000.0,0
528706755,24,1800000000000000.0,0
528706755,25,1899999877929687.5,0
528706755,26,1999999877929687.5,0
528706755,27,2100000000000000.0,0
528706755,29,2150000000000000.0,0
528706755,30,2170000000000000.0,1
528706755,31,2180000000000000.0,1
528706755,32,2190000000000000.0,1
528706755,33,2200000000000000.0,1
528706755,34,2220000000000000.0,1
528706755,35,2230000000000000.0,1
528706755,36,2250000000000000.0,1
528706755,37,2270000000000000.0,1
528706755,41,2280000000000000.0,1
528706755,43,160000000000000.0,0
528706755,44,140000000000000.0,0
528706755,45,120000000000000.0,0
528706755,46,100000000000000.0,0
528706755,49,50000000000000.0,0
528706755,50,50000000000000.0,0
528706755,51,50000000000000.0,0
528706755,52,70000000000000.0,0
528706755,53,90000000000000.0,0
528706755,54,110000000000000.0,0
528706755,55,130000000000000.0,0
528706755,56,150000000000000.0,0
528706755,57,170000000000000.0,0
528706755,58,190000000000000.0,0
528706755,59,210000000000000.0,0
528706755,60,230000000000000.0,2
528706755,61,249999984741210.94,4
528706755,62,270000000000000.0,5
528706755,63,290000000000000.0,7
528706755,64,310000000000000.0,8
528706755,67,370000000000000.0,12
528706755,68,230000000000000.0,2
528706755,70,230000000000000.0,2
528706755,71,230000000000000.0,3
528706755,72,533125000000000.0,0
528706755,74,533125000000000.0,0
528706755,75,542250000000000.0,0
528706755,76,533125000000000.0,0
528706755,77,542250000000000.0,0
528706755,78,533125000000000.0,0
528706755,79,542250000000000.0,0
528706755,81,400000000000000.0,0
528706755,82,400000000000000.0,0
528706755,83,230000000000000.0,2
528706755,84,230000000000000.0,2
528706755,85,230000000000000.0,2
528706755,86,230000000000000.0,1
528706755,87,270000000000000.0,5
528706755,88,270000000000000.0,6
528706755,89,270000000000000.0,6
528706755,90,270000000000000.0,6
528706755,91,310000000000000.0,9
528706755,93,310000000000000.0,9
528706755,95,987750000000000.0,0
528706755,96,987750000000000.0,0
528706755,97,987750000000000.0,0
528706755,100,50000000000000.0,0
530055374,4,800000000000000.0,0
530055374,5,800000000000000.0,0
530055374,6,800000000000000.0,0
530055374,7,100000000000000.0,0
530055374,8,200000000000000.0,0
530055374,9,300000000000000.0,0
530055374,10,400000000000000.0,0
530055374,11,499999969482421.9,0
530055374,12,600000000000000.0,0
530055374,13,700000000000000.0,0
530055374,14,800000000000000.0,0
530055374,15,900000000000000.0,0
530055374,16,999999938964843.8,0
530055374,17,1100000000000000.0,0
530055374,18,1200000000000000.0,0
530055374,19,1300000000000000.0,0
530055374,20,1400000000000000.0,0
530055374,21,1500000000000000.0,0
530055374,22,1600000000000000.0,0
530055374,23,1700000000000000.0,0
530055374,24,1800000000000000.0,0
530055374,25,1899999877929687.5,0
530055374,26,1999999877929687.5,0
530055374,27,2100000000000000.0,0
530055374,28,2200000000000000.0,0
530055374,29,2300000000000000.0,0
530055374,30,2400000000000000.0,0
530055374,31,2500000000000000.0,0
530055374,32,2600000000000000.0,0
530055374,33,2700000000000000.0,0
530055374,34,2800000000000000.0,1
530055374,35,2750000000000000.0,1
530055374,36,2730000000000000.0,1
530055374,37,2710000000000000.0,0
530055374,38,2720000000000000.0,0
530055374,39,2730000000000000.0,0
530055374,40,2740000000000000.0,0
530055374,41,2750000000000000.0,0
530055374,42,2760000000000000.0,0
530055374,43,2770000000000000.0,0
530055374,44,2790000000000000.0,1
530055374,45,2780000000000000.0,1
530055374,46,2780000000000000.0,0
530055374,47,2780000000000000.0,0
530055374,48,2790000000000000.0,0
530055374,49,2800000000000000.0,0
530055374,50,2810000000000000.0,0
530055374,51,2830000000000000.0,0
530055374,52,2850000000000000.0,1
530055374,53,2840000000000000.0,0
530055374,54,2850000000000000.0,0
530055374,55,2860000000000000.0,0
530055374,56,2870000000000000.0,0
530055374,57,2880000000000000.0,0
530055374,58,2890000000000000.0,1
530055374,59,2890000000000000.0,0
530055374,60,2900000000000000.0,0
530055374,61,2910000000000000.0,0
530055374,62,2930000000000000.0,0
530055374,63,2950000000000000.0,1
530055374,64,2940000000000000.0,0
530055374,65,2950000000000000.0,1
530055374,66,2950000000000000.0,0
530055374,67,2970000000000000.0,0
530055374,68,2990000000000000.0,0
530055374,69,3000000000000000.0,0
530055374,70,3010000000000000.0,0
530055374,71,3030000000000000.0,1
530055374,72,3020000000000000.0,0
530055374,73,3030000000000000.0,0
530055374,74,3050000000000000.0,0
530055374,75,3070000000000000.0,1
530055374,76,3070000000000000.0,1
530055374,77,3070000000000000.0,1
530055374,78,3070000000000000.0,0
530055374,79,3070000000000000.0,1
530055374,80,160000000000000.0,0
530055374,81,140000000000000.0,0
530055374,82,120000000000000.0,0
530055374,83,100000000000000.0,0
530055374,84,80000000000000.0,0
530055374,85,60000000000000.0,0
530055374,86,50000000000000.0,0
530055374,87,50000000000000.0,0
530055374,88,50000000000000.0,0
530055374,89,70000000000000.0,0
530055374,90,90000000000000.0,0
530055374,91,110000000000000.0,0
530055374,92,130000000000000.0,0
530055374,93,150000000000000.0,0
530055374,94,170000000000000.0,0
530055374,95,190000000000000.0,0
530055374,96,210000000000000.0,0
530055374,97,230000000000000.0,1
530055374,98,249999984741210.94,1
530055374,99,270000000000000.0,1
530055374,100,290000000000000.0,1
530055374,101,310000000000000.0,1
530055374,102,330000000000000.0,2
530055374,103,350000000000000.0,2
530055374,104,370000000000000.0,2
530055374,105,390000000000000.0,2
530055374,106,100000000000000.0,0
530055374,107,200000000000000.0,0
530055374,108,249999984741210.94,1
530055374,109,230000000000000.0,0
530055374,110,239999984741210.94,0
530055374,111,249999984741210.94,1
530055374,112,249999984741210.94,1
530055374,113,249999984741210.94,1
530055374,114,249999984741210.94,1
530055374,115,579500000000000.0,0
530055374,116,589375000000000.0,0
530055374,117,579500000000000.0,0
530055374,118,589375000000000.0,0
530055374,119,579500000000000.0,0
530055374,120,589375000000000.0,0
530055374,121,579500000000000.0,0
530055374,124,400000000000000.0,0
530055374,125,400000000000000.0,0
530055374,128,50000000000000.0,0
531520637,4,800000000000000.0,0
531520637,5,800000000000000.0,0
531520637,6,800000000000000.0,0
531520637,7,100000000000000.0,0
531520637,8,200000000000000.0,0
531520637,9,300000000000000.0,0
531520637,10,400000000000000.0,0
531520637,11,499999969482421.9,0
531520637,12,600000000000000.0,0
531520637,13,700000000000000.0,0
531520637,14,800000000000000.0,1
531520637,15,750000000000000.0,1
531520637,16,730000000000000.0,0
531520637,17,740000000000000.0,0
531520637,18,750000000000000.0,0
531520637,19,760000000000000.0,1
531520637,20,760000000000000.0,1
531520637,21,760000000000000.0,1
531520637,22,760000000000000.0,1
531520637,23,760000000000000.0,1
531520637,24,160000000000000.0,0
531520637,25,140000000000000.0,0
531520637,26,120000000000000.0,0
531520637,27,100000000000000.0,0
531520637,28,80000000000000.0,0
531520637,29,60000000000000.0,0
531520637,30,50000000000000.0,0
531520637,31,50000000000000.0,0
531520637,32,50000000000000.0,0
531520637,33,70000000000000.0,0
531520637,34,90000000000000.0,0
531520637,35,110000000000000.0,0
531520637,36,130000000000000.0,0
531520637,37,150000000000000.0,0
531520637,38,170000000000000.0,0
531520637,39,190000000000000.0,0
531520637,40,210000000000000.0,0
531520637,41,230000000000000.0,0
531520637,42,249999984741210.94,0
531520637,43,270000000000000.0,0
531520637,44,290000000000000.0,1
531520637,45,310000000000000.0,1
531520637,46,330000000000000.0,2
531520637,47,350000000000000.0,2
531520637,48,370000000000000.0,18
531520637,49,390000000000000.0,41
531520637,50,410000000000000.0,63
531520637,51,430000000000000.0,68
531520637,52,280000000000000.0,0
531520637,53,290000000000000.0,1
531520637,54,290000000000000.0,1
531520637,55,290000000000000.0,1
531520637,56,290000000000000.0,1
531520637,57,672125000000000.0,0
531520637,58,683750000000000.0,0
531520637,59,672125000000000.0,0
531520637,60,683750000000000.0,0
531520637,61,672125000000000.0,0
531520637,62,683750000000000.0,0
531520637,63,672125000000000.0,0
531520637,64,683750000000000.0,0
531520637,67,50000000000000.0,0
530097064,4,800000000000000.0,0
530097064,5,800000000000000.0,0
530097064,6,800000000000000.0,0
530097064,7,100000000000000.0,0
530097064,8,200000000000000.0,0
530097064,9,300000000000000.0,0
530097064,10,400000000000000.0,0
530097064,11,499999969482421.9,0
530097064,12,600000000000000.0,0
530097064,13,700000000000000.0,0
530097064,14,800000000000000.0,0
530097064,15,900000000000000.0,0
530097064,16,999999938964843.8,0
530097064,17,1100000000000000.0,0
530097064,18,1200000000000000.0,0
530097064,19,1300000000000000.0,0
530097064,20,1400000000000000.0,0
530097064,21,1500000000000000.0,0
530097064,23,1550000000000000.0,1
530097064,24,1530000000000000.0,0
530097064,25,1540000000000000.0,1
530097064,26,1540000000000000.0,0
530097064,27,1550000000000000.0,1
530097064,28,1550000000000000.0,0
530097064,29,1550000000000000.0,0
530097064,30,1570000000000000.0,0
530097064,31,1590000000000000.0,1
530097064,32,1590000000000000.0,1
530097064,33,1590000000000000.0,0
530097064,34,1590000000000000.0,0
530097064,35,1610000000000000.0,0
530097064,36,1650000000000000.0,0
530097064,37,1700000000000000.0,1
530097064,38,1700000000000000.0,1
530097064,39,1700000000000000.0,1
530097064,40,1700000000000000.0,1
530097064,42,160000000000000.0,0
530097064,43,140000000000000.0,0
530097064,44,120000000000000.0,0
530097064,45,100000000000000.0,0
530097064,46,80000000000000.0,0
530097064,47,60000000000000.0,0
530097064,49,50000000000000.0,0
530097064,50,50000000000000.0,0
530097064,51,70000000000000.0,0
530097064,52,90000000000000.0,0
530097064,54,130000000000000.0,0
530097064,55,150000000000000.0,1
530097064,56,170000000000000.0,1
530097064,57,190000000000000.0,1
530097064,59,230000000000000.0,1
530097064,60,249999984741210.94,3
530097064,61,270000000000000.0,4
530097064,62,290000000000000.0,6
530097064,63,140000000000000.0,0
530097064,70,417249969482421.9,0
530097064,71,424375000000000.0,0
530097064,72,417249969482421.9,0
530097064,73,424375000000000.0,0
530097064,75,424375000000000.0,0
530097064,76,417249969482421.9,0
530097064,77,424375000000000.0,0
530097064,79,400000000000000.0,0
530097064,80,400000000000000.0,0
530097064,81,180000000000000.0,2
530097064,82,180000000000000.0,2
530097064,83,180000000000000.0,2
530097064,84,180000000000000.0,2
530097064,85,180000000000000.0,2
530097064,86,220000000000000.0,7
530097064,87,220000000000000.0,6
530097064,88,220000000000000.0,7
530097064,89,220000000000000.0,7
530097064,90,260000000000000.0,10
530097064,91,260000000000000.0,10
530097064,92,260000000000000.0,9
530097064,94,1700000000000000.0,0
530097064,95,1800000000000000.0,0
530097064,96,1899999877929687.5,0
530097064,98,1999999877929687.5,0
530097064,99,1999999877929687.5,0
530097064,100,1999999877929687.5,0
530097064,101,1999999877929687.5,0
530097064,102,1999999877929687.5,0
530097064,103,1999999877929687.5,0
530097064,104,1999999877929687.5,0
530097064,105,1999999877929687.5,0
530097064,106,1999999877929687.5,0
530097064,107,1999999877929687.5,0
530097064,109,1999999877929687.5,0
530097064,110,1999999877929687.5,0
530097064,111,1999999877929687.5,0
530097064,112,1999999877929687.5,0
530097064,113,1999999877929687.5,0
530097064,114,1999999877929687.5,0
530097064,115,1999999877929687.5,0
530097064,116,1999999877929687.5,0
530097064,117,1999999877929687.5,0
530097064,121,773000000000000.0,0
530097064,124,50000000000000.0,0
488418919,4,800000000000000.0,0
488418919,5,800000000000000.0,0
488418919,6,800000000000000.0,0
488418919,7,100000000000000.0,0
488418919,8,200000000000000.0,0
488418919,9,300000000000000.0,0
488418919,10,400000000000000.0,0
488418919,11,499999969482421.9,0
488418919,12,600000000000000.0,0
488418919,13,700000000000000.0,0
488418919,14,800000000000000.0,0
488418919,15,900000000000000.0,0
488418919,16,999999938964843.8,0
488418919,17,1100000000000000.0,0
488418919,18,1200000000000000.0,0
488418919,19,1300000000000000.0,0
488418919,20,1400000000000000.0,0
488418919,21,1500000000000000.0,0
488418919,22,1600000000000000.0,1
488418919,23,1550000000000000.0,0
488418919,24,1570000000000000.0,1
488418919,25,1560000000000000.0,0
488418919,26,1570000000000000.0,0
488418919,27,1580000000000000.0,0
488418919,28,1590000000000000.0,0
488418919,29,1600000000000000.0,0
488418919,30,1610000000000000.0,1
488418919,31,1610000000000000.0,1
488418919,32,1610000000000000.0,0
488418919,33,1610000000000000.0,0
488418919,34,1610000000000000.0,0
488418919,35,1610000000000000.0,0
488418919,36,1620000122070312.5,0
488418919,37,1629999877929687.5,0
488418919,38,1640000000000000.0,0
488418919,39,1650000000000000.0,0
488418919,40,1660000000000000.0,0
488418919,41,1670000122070312.5,0
488418919,42,1679999877929687.5,1
488418919,43,1679999877929687.5,1
488418919,44,1679999877929687.5,1
488418919,45,1679999877929687.5,1
488418919,46,1679999877929687.5,1
488418919,47,160000000000000.0,0
488418919,48,140000000000000.0,0
488418919,49,120000000000000.0,0
488418919,50,100000000000000.0,0
488418919,51,80000000000000.0,0
488418919,52,60000000000000.0,0
488418919,53,50000000000000.0,0
488418919,54,50000000000000.0,0
488418919,55,50000000000000.0,0
488418919,56,70000000000000.0,0
488418919,57,90000000000000.0,0
488418919,58,110000000000000.0,0
488418919,59,130000000000000.0,0
488418919,60,150000000000000.0,0
488418919,61,170000000000000.0,0
488418919,62,190000000000000.0,0
488418919,63,209999984741210.94,1
488418919,64,230000000000000.0,1
488418919,65,249999984741210.94,3
488418919,66,270000000000000.0,5
488418919,67,290000000000000.0,7
488418919,69,330000000000000.0,9
488418919,70,350000000000000.0,10
488418919,72,209999984741210.94,1
488418919,73,209999984741210.94,1
488418919,74,209999984741210.94,1
488418919,75,209999984741210.94,1
488418919,76,486749969482421.9,0
488418919,77,495125000000000.0,0
488418919,78,486749969482421.9,0
488418919,101,50000000000000.0,0
567776248,5,850000000000000.0,0
567776248,6,850000000000000.0,1
567776248,7,850000000000000.0,0
567776248,8,150000000000000.0,0
567776248,9,250000000000000.0,0
567776248,11,450000000000000.0,0
567776248,12,550000000000000.0,1
567776248,13,500000000000000.0,1
567776248,14,480000000000000.0,1
567776248,16,440000000000000.0,0
567776248,17,450000000000000.0,0
567776248,19,470000000000000.0,1
567776248,23,470000000000000.0,1
567776248,25,90000000000000.0,0
567776248,26,70000000000000.0,0
567776248,29,50000000000000.0,0
567776248,31,80000000000000.0,5
567776248,32,100000000000000.0,11
567776248,33,120000000000000.0,16
567776248,34,140000000000000.0,20
567776248,36,180000000000000.0,27
567776248,37,200000000000000.0,30
567776248,38,220000000000000.0,33
567776248,39,70000000000000.0,0
567776248,40,80000000000000.0,1
567776248,41,80000000000000.0,1
567776248,42,80000000000000.0,2
567776248,43,80000000000000.0,2
567776248,44,120000000000000.0,14
567776248,45,120000000000000.0,14
567776248,46,120000000000000.0,14
567776248,47,120000000000000.0,14
567776248,49,120750000000000.0,0
567776248,53,400000000000000.0,0
567776248,54,400000000000000.0,0
567776248,55,400000000000000.0,0
567776248,56,400000000000000.0,0
567776248,57,400000000000000.0,0
567776248,58,400000000000000.0,0
567776248,59,400000000000000.0,0
567776248,60,400000000000000.0,0
567776248,61,400000000000000.0,0
567776248,62,400000000000000.0,0
567776248,66,50000000000000.0,0
542143598,7,800000000000000.0,0
542143598,8,800000000000000.0,0
542143598,9,100000000000000.0,0
542143598,10,200000000000000.0,0
542143598,11,300000000000000.0,0
542143598,12,400000000000000.0,0
542143598,13,499999969482421.9,2
542143598,14,460000000000000.0,0
542143598,15,469999969482421.9,0
542143598,16,479999969482421.9,0
542143598,18,499999969482421.9,0
542143598,19,509999969482421.9,2
542143598,20,509999969482421.9,0
542143598,21,509999969482421.9,2
542143598,22,509999969482421.9,0
542143598,23,520000000000000.0,2
542143598,24,520000000000000.0,2
542143598,25,520000000000000.0,2
542143598,29,140000000000000.0,0
542143598,31,100000000000000.0,0
542143598,34,50000000000000.0,0
542143598,37,70000000000000.0,9
542143598,38,90000000000000.0,16
542143598,39,110000000000000.0,21
542143598,40,130000000000000.0,26
542143598,41,150000000000000.0,31
542143598,42,170000000000000.0,35
542143598,46,50000000000000.0,2
542143598,47,50000000000000.0,2
542143598,49,115875000000000.0,0
542143598,50,117875000000000.0,0
542143598,52,117875000000000.0,0
542143598,58,400000000000000.0,0
542143598,63,50000000000000.0,0
531520401,4,800000000000000.0,0
531520401,5,800000000000000.0,0
531520401,6,800000000000000.0,0
531520401,7,100000000000000.0,0
531520401,8,100000000000000.0,0
531520401,31,1480000000000000.0,0
531520401,41,160000000000000.0,0
531520401,42,140000000000000.0,0
531520401,43,120000000000000.0,0
531520401,44,100000000000000.0,0
531520401,45,80000000000000.0,0
531520401,47,50000000000000.0,0
531520401,48,50000000000000.0,0
531520401,49,50000000000000.0,0
531520401,50,70000000000000.0,0
531520401,51,90000000000000.0,0
531520401,52,110000000000000.0,0
531520401,53,130000000000000.0,0
531520401,55,170000000000000.0,0
531520401,56,190000000000000.0,2
531520401,57,210000000000000.0,2
531520401,58,230000000000000.0,2
531520401,59,249999984741210.94,4
531520401,60,270000000000000.0,6
531520401,61,290000000000000.0,8
531520401,62,310000000000000.0,9
531520401,63,330000000000000.0,10
531520401,64,190000000000000.0,2
531520401,65,190000000000000.0,2
531520401,66,190000000000000.0,2
531520401,67,190000000000000.0,2
531520401,68,440374969482421.9,0
531520401,69,448000000000000.0,0
531520401,70,440374969482421.9,0
531520401,71,448000000000000.0,0
531520401,72,440374969482421.9,0
531520401,73,448000000000000.0,0
531520401,74,440374969482421.9,0
531520401,75,448000000000000.0,0
531520401,77,400000000000000.0,0
531520401,78,400000000000000.0,0
531520401,79,190000000000000.0,1
531520401,80,190000000000000.0,2
531520401,81,190000000000000.0,2
531520401,82,190000000000000.0,2
531520401,83,230000000000000.0,2
531520401,84,230000000000000.0,2
531520401,85,230000000000000.0,2
531520401,86,230000000000000.0,2
531520401,87,270000000000000.0,2
531520401,88,270000000000000.0,2
531520401,89,270000000000000.0,2
531520401,90,270000000000000.0,2
531520401,105,2070000000000000.0,2
531520401,106,2070000000000000.0,2
531520401,107,2070000000000000.0,2
531520401,108,2070000000000000.0,2
531520401,109,2070000000000000.0,2
531520401,110,2070000000000000.0,0
531520401,111,2070000000000000.0,0
531520401,112,2070000000000000.0,0
531520401,113,2070000000000000.0,0
531520401,114,2070000000000000.0,0
531520401,115,2070000000000000.0,0
531520401,116,2070000000000000.0,0
531520401,117,2070000000000000.0,0
531520401,118,2070000000000000.0,0
531520401,119,2070000000000000.0,0
531520401,120,2070000000000000.0,0
531520401,121,2070000000000000.0,0
531520401,122,2070000000000000.0,0
531520401,123,2070000000000000.0,0
531520401,124,2070000000000000.0,0
531520401,125,2070000000000000.0,0
531520401,126,2070000000000000.0,0
531520401,127,2070000000000000.0,0
531520401,128,2070000000000000.0,0
531520401,129,2070000000000000.0,0
531520401,130,2070000000000000.0,0
531520401,133,50000000000000.0,0
527942865,4,800000000000000.0,0
527942865,5,800000000000000.0,0
527942865,6,800000000000000.0,0
527942865,7,100000000000000.0,0
527942865,8,200000000000000.0,0
527942865,9,300000000000000.0,0
527942865,10,400000000000000.0,0
527942865,11,499999969482421.9,0
527942865,12,600000000000000.0,0
527942865,13,700000000000000.0,0
527942865,14,800000000000000.0,3
527942865,15,900000000000000.0,2
527942865,16,750000000000000.0,0
527942865,17,770000000000000.0,0
527942865,18,780000000000000.0,0
527942865,19,790000000000000.0,0
527942865,20,800000000000000.0,0
527942865,21,820000000000000.0,2
527942865,22,820000000000000.0,2
527942865,23,820000000000000.0,2
527942865,24,820000000000000.0,2
527942865,25,820000000000000.0,2
527942865,26,160000000000000.0,0
527942865,27,140000000000000.0,0
527942865,28,120000000000000.0,0
527942865,29,100000000000000.0,0
527942865,30,80000000000000.0,0
527942865,31,60000000000000.0,0
527942865,32,50000000000000.0,0
527942865,33,50000000000000.0,0
527942865,34,50000000000000.0,0
527942865,35,70000000000000.0,1
527942865,37,110000000000000.0,3
527942865,38,130000000000000.0,4
527942865,39,150000000000000.0,6
527942865,40,170000000000000.0,8
527942865,41,190000000000000.0,10
527942865,42,210000000000000.0,12
527942865,43,70000000000000.0,0
527942865,44,90000000000000.0,2
527942865,45,90000000000000.0,2
527942865,46,90000000000000.0,2
527942865,47,90000000000000.0,2
527942865,48,208624984741210.94,0
527942865,49,212250000000000.0,0
527942865,50,208624984741210.94,0
527942865,51,212250000000000.0,0
527942865,52,208624984741210.94,0
527942865,53,212250000000000.0,0
527942865,55,212250000000000.0,0
527942865,57,400000000000000.0,0
527942865,58,400000000000000.0,0
527942865,59,90000000000000.0,1
527942865,60,90000000000000.0,1
527942865,61,90000000000000.0,1
527942865,62,90000000000000.0,1
527942865,63,130000000000000.0,2
527942865,64,130000000000000.0,2
527942865,65,130000000000000.0,2
527942865,66,130000000000000.0,2
527942865,67,170000000000000.0,2
527942865,68,170000000000000.0,3
527942865,69,170000000000000.0,2
527942865,70,170000000000000.0,2
527942865,71,820000000000000.0,0
527942865,72,850000000000000.0,0
527942865,73,870000000000000.0,0
527942865,74,890000000000000.0,0
527942865,76,386500000000000.0,0
527942865,77,386500000000000.0,0
527942865,78,386500000000000.0,0
527942865,81,50000000000000.0,0
529807751,5,800000000000000.0,0
529807751,6,800000000000000.0,0
529807751,7,800000000000000.0,0
529807751,8,100000000000000.0,0
529807751,9,200000000000000.0,0
529807751,10,300000000000000.0,0
529807751,11,400000000000000.0,0
529807751,12,499999969482421.9,0
529807751,13,600000000000000.0,0
529807751,14,700000000000000.0,1
529807751,15,650000000000000.0,0
529807751,16,670000000000000.0,0
529807751,17,690000000000000.0,1
529807751,18,680000000000000.0,1
529807751,19,680000000000000.0,1
529807751,20,680000000000000.0,1
529807751,21,680000000000000.0,1
529807751,22,680000000000000.0,1
529807751,23,680000000000000.0,1
529807751,24,160000000000000.0,0
529807751,25,140000000000000.0,0
529807751,26,120000000000000.0,0
529807751,27,100000000000000.0,0
529807751,28,80000000000000.0,0
529807751,29,60000000000000.0,0
529807751,30,50000000000000.0,0
529807751,31,50000000000000.0,0
529807751,32,50000000000000.0,0
529807751,33,70000000000000.0,0
529807751,34,90000000000000.0,0
529807751,35,110000000000000.0,0
529807751,36,130000000000000.0,0
529807751,37,150000000000000.0,1
529807751,38,170000000000000.0,11
529807751,39,190000000000000.0,27
529807751,40,210000000000000.0,38
529807751,41,230000000000000.0,50
529807751,42,249999984741210.94,59
529807751,43,270000000000000.0,70
529807751,44,290000000000000.0,77
529807751,45,140000000000000.0,0
529807751,46,150000000000000.0,4
529807751,47,150000000000000.0,1
529807751,48,150000000000000.0,1
529807751,49,150000000000000.0,1
529807751,50,347500000000000.0,0
529807751,51,353750000000000.0,0
529807751,52,347500000000000.0,0
529807751,53,353750000000000.0,0
529807751,54,347500000000000.0,0
529807751,55,353750000000000.0,0
529807751,56,347500000000000.0,0
529807751,57,353750000000000.0,0
529807751,59,400000000000000.0,0
529807751,60,400000000000000.0,0
529807751,61,150000000000000.0,1
529807751,64,160000000000000.0,0
529807751,67,50000000000000.0,0
539563223,4,800000000000000.0,0
539563223,5,800000000000000.0,0
539563223,6,800000000000000.0,0
539563223,7,100000000000000.0,0
539563223,8,200000000000000.0,0
539563223,9,300000000000000.0,0
539563223,10,400000000000000.0,0
539563223,11,499999969482421.9,0
539563223,12,600000000000000.0,0
539563223,13,700000000000000.0,0
539563223,14,800000000000000.0,0
539563223,16,999999938964843.8,0
539563223,17,1100000000000000.0,0
539563223,18,1200000000000000.0,0
539563223,19,1300000000000000.0,0
539563223,20,1400000000000000.0,0
539563223,21,1500000000000000.0,0
539563223,22,1600000000000000.0,0
539563223,23,1700000000000000.0,0
539563223,24,1800000000000000.0,1
539563223,25,1899999877929687.5,1
539563223,26,1850000000000000.0,1
539563223,27,1830000000000000.0,0
539563223,28,1840000000000000.0,0
539563223,29,1850000000000000.0,0
539563223,30,1869999877929687.5,0
539563223,31,1889999877929687.5,1
539563223,32,1889999877929687.5,1
539563223,33,1889999877929687.5,0
539563223,34,1889999877929687.5,0
539563223,35,1909999877929687.5,0
539563223,36,1929999877929687.5,0
539563223,37,1949999877929687.5,1
539563223,38,1949999877929687.5,0
539563223,39,1969999877929687.5,1
539563223,40,1969999877929687.5,0
539563223,41,1999999877929687.5,0
539563223,42,2100000000000000.0,1
539563223,43,2100000000000000.0,1
539563223,44,2100000000000000.0,1
539563223,45,2100000000000000.0,1
539563223,46,2100000000000000.0,1
539563223,47,160000000000000.0,0
539563223,48,140000000000000.0,0
539563223,49,120000000000000.0,0
539563223,50,100000000000000.0,0
539563223,51,80000000000000.0,0
539563223,52,60000000000000.0,0
539563223,53,50000000000000.0,0
539563223,54,50000000000000.0,0
539563223,55,50000000000000.0,0
539563223,56,70000000000000.0,0
539563223,57,90000000000000.0,0
539563223,58,110000000000000.0,0
539563223,59,130000000000000.0,0
539563223,60,150000000000000.0,0
539563223,61,170000000000000.0,0
539563223,62,190000000000000.0,0
539563223,63,210000000000000.0,0
539563223,64,230000000000000.0,0
539563223,65,249999984741210.94,0
539563223,66,270000000000000.0,0
539563223,67,290000000000000.0,0
539563223,68,310000000000000.0,0
539563223,69,330000000000000.0,1
539563223,70,350000000000000.0,2
539563223,71,370000000000000.0,4
539563223,72,390000000000000.0,5
539563223,73,410000000000000.0,5
539563223,74,430000000000000.0,5
539563223,75,450000000000000.0,6
539563223,77,330000000000000.0,0
539563223,78,340000000000000.0,1
539563223,79,340000000000000.0,1
539563223,80,340000000000000.0,1
539563223,81,340000000000000.0,1
539563223,82,788125000000000.0,0
539563223,84,788125000000000.0,0
539563223,85,801625000000000.0,0
539563223,86,788125000000000.0,0
539563223,87,801625000000000.0,0
539563223,88,788125000000000.0,0
539563223,91,400000000000000.0,0
539563223,92,400000000000000.0,0
539563223,93,340000000000000.0,1
539563223,94,340000000000000.0,1
539563223,95,340000000000000.0,1
539563223,96,340000000000000.0,1
539563223,97,380000000000000.0,4
539563223,98,380000000000000.0,4
539563223,99,380000000000000.0,4
539563223,100,380000000000000.0,4
539563223,101,420000000000000.0,5
539563223,102,420000000000000.0,5
539563223,103,420000000000000.0,5
539563223,107,50000000000000.0,0
489308885,4,800000000000000.0,0
489308885,5,800000000000000.0,0
489308885,6,800000000000000.0,0
489308885,7,100000000000000.0,0
489308885,8,200000000000000.0,0
489308885,9,300000000000000.0,0
489308885,10,400000000000000.0,1
489308885,11,350000000000000.0,0
489308885,12,370000000000000.0,0
489308885,13,380000000000000.0,1
489308885,14,380000000000000.0,0
489308885,15,380000000000000.0,1
489308885,16,380000000000000.0,0
489308885,17,380000000000000.0,0
489308885,18,160000000000000.0,0
489308885,19,140000000000000.0,0
489308885,20,120000000000000.0,0
489308885,21,100000000000000.0,0
489308885,22,80000000000000.0,0
489308885,25,50000000000000.0,0
489308885,27,70000000000000.0,6
489308885,28,90000000000000.0,12
489308885,29,110000000000000.0,18
489308885,31,150000000000000.0,26
489308885,32,170000000000000.0,30
489308885,33,190000000000000.0,33
489308885,34,210000000000000.0,36
489308885,35,70000000000000.0,6
489308885,36,70000000000000.0,6
489308885,37,70000000000000.0,4
489308885,38,70000000000000.0,4
489308885,40,165000000000000.0,0
489308885,41,162250000000000.0,0
489308885,43,162250000000000.0,0
489308885,44,165000000000000.0,0
489308885,45,162250000000000.0,0
489308885,46,165000000000000.0,0
489308885,47,162250000000000.0,0
489308885,48,165000000000000.0,0
489308885,52,400000000000000.0,0
489308885,53,400000000000000.0,0
489308885,60,50000000000000.0,0
508280385,4,800000000000000.0,0
508280385,5,800000000000000.0,0
508280385,6,800000000000000.0,0
508280385,7,100000000000000.0,0
508280385,8,200000000000000.0,0
508280385,9,300000000000000.0,0
508280385,10,400000000000000.0,0
508280385,11,499999969482421.9,0
508280385,12,600000000000000.0,0
508280385,13,700000000000000.0,0
508280385,14,800000000000000.0,0
508280385,15,900000000000000.0,0
508280385,16,999999938964843.8,0
508280385,17,1100000000000000.0,1
508280385,18,1050000000000000.0,1
508280385,19,1030000000000000.0,2
508280385,20,1009999938964843.8,0
508280385,21,1019999938964843.8,0
508280385,22,1030000000000000.0,1
508280385,23,1030000000000000.0,2
508280385,24,1030000000000000.0,0
508280385,25,1030000000000000.0,0
508280385,26,1040000000000000.0,0
508280385,27,1050000000000000.0,0
508280385,28,1060000000000000.0,1
508280385,29,1060000000000000.0,1
508280385,30,1060000000000000.0,0
508280385,31,1060000000000000.0,0
508280385,32,1080000000000000.0,0
508280385,33,1100000000000000.0,0
508280385,34,1120000000000000.0,0
508280385,35,1140000000000000.0,2
508280385,36,1130000000000000.0,2
508280385,37,1130000000000000.0,2
508280385,38,1130000000000000.0,0
508280385,39,1130000000000000.0,0
508280385,40,1130000000000000.0,1
508280385,41,160000000000000.0,0
508280385,42,140000000000000.0,0
508280385,43,120000000000000.0,0
508280385,44,100000000000000.0,0
508280385,45,80000000000000.0,0
508280385,46,60000000000000.0,0
508280385,47,50000000000000.0,0
508280385,48,50000000000000.0,0
508280385,49,50000000000000.0,0
508280385,50,70000000000000.0,0
508280385,51,90000000000000.0,1
508280385,52,110000000000000.0,2
508280385,53,130000000000000.0,3
508280385,54,150000000000000.0,4
508280385,55,170000000000000.0,5
508280385,56,190000000000000.0,7
508280385,57,210000000000000.0,8
508280385,58,230000000000000.0,9
508280385,59,80000000000000.0,0
508280385,60,90000000000000.0,0
508280385,61,100000000000000.0,1
508280385,62,100000000000000.0,1
508280385,63,100000000000000.0,1
508280385,64,100000000000000.0,1
508280385,65,231750000000000.0,0
508280385,66,235750000000000.0,0
508280385,67,231750000000000.0,0
508280385,68,235750000000000.0,0
508280385,71,231750000000000.0,0
508280385,74,400000000000000.0,0
508280385,75,400000000000000.0,0
508280385,78,50000000000000.0,0
517673596,4,800000000000000.0,0
517673596,5,800000000000000.0,0
517673596,6,800000000000000.0,0
517673596,7,100000000000000.0,0
517673596,8,200000000000000.0,0
517673596,9,300000000000000.0,0
517673596,10,400000000000000.0,0
517673596,11,499999969482421.9,0
517673596,12,600000000000000.0,0
517673596,13,700000000000000.0,0
517673596,14,800000000000000.0,0
517673596,15,900000000000000.0,0
517673596,16,999999938964843.8,0
517673596,17,1100000000000000.0,0
517673596,18,1200000000000000.0,0
517673596,19,1300000000000000.0,0
517673596,20,1400000000000000.0,0
517673596,21,1500000000000000.0,0
517673596,22,1600000000000000.0,0
517673596,23,1700000000000000.0,0
517673596,24,1800000000000000.0,0
517673596,25,1899999877929687.5,0
517673596,26,1999999877929687.5,0
517673596,27,2100000000000000.0,1
517673596,28,2050000000000000.0,0
517673596,29,2070000000000000.0,0
517673596,30,2080000000000000.0,1
517673596,31,2080000000000000.0,0
517673596,32,2080000000000000.0,1
517673596,33,2080000000000000.0,1
517673596,34,2080000000000000.0,1
517673596,35,160000000000000.0,0
517673596,36,140000000000000.0,0
517673596,37,120000000000000.0,0
517673596,38,100000000000000.0,0
517673596,39,80000000000000.0,0
517673596,40,60000000000000.0,0
517673596,41,50000000000000.0,0
517673596,42,50000000000000.0,0
517673596,43,50000000000000.0,0
517673596,44,70000000000000.0,0
517673596,45,90000000000000.0,0
517673596,46,110000000000000.0,0
517673596,47,130000000000000.0,0
517673596,48,150000000000000.0,0
517673596,49,170000000000000.0,0
517673596,50,190000000000000.0,0
517673596,51,210000000000000.0,0
517673596,52,230000000000000.0,0
517673596,53,249999984741210.94,0
517673596,54,270000000000000.0,0
517673596,55,290000000000000.0,0
517673596,56,310000000000000.0,0
517673596,57,330000000000000.0,2
517673596,58,350000000000000.0,2
517673596,59,370000000000000.0,2
517673596,60,390000000000000.0,3
517673596,61,410000000000000.0,5
517673596,62,430000000000000.0,7
517673596,63,450000000000000.0,8
517673596,64,469999969482421.9,10
517673596,65,330000000000000.0,1
517673596,66,330000000000000.0,2
517673596,67,330000000000000.0,1
517673596,68,330000000000000.0,2
517673596,69,764875000000000.0,0
517673596,71,764875000000000.0,0
517673596,72,778000000000000.0,0
517673596,73,764875000000000.0,0
517673596,74,778000000000000.0,0
517673596,75,764875000000000.0,0
517673596,76,778000000000000.0,0
517673596,78,400000000000000.0,0
517673596,79,400000000000000.0,0
517673596,80,330000000000000.0,1
517673596,81,330000000000000.0,1
517673596,82,330000000000000.0,1
517673596,83,330000000000000.0,1
517673596,84,370000000000000.0,2
517673596,85,370000000000000.0,2
517673596,86,370000000000000.0,2
517673596,87,370000000000000.0,2
517673596,88,410000000000000.0,2
517673596,89,410000000000000.0,2
517673596,90,410000000000000.0,2
517673596,91,410000000000000.0,3
517673596,92,1417250000000000.0,0
517673596,93,1417250000000000.0,0
517673596,94,1417250000000000.0,0
517673596,97,50000000000000.0,0
528042185,4,850000000000000.0,0
528042185,5,850000000000000.0,0
528042185,6,850000000000000.0,0
528042185,7,150000000000000.0,0
528042185,8,250000000000000.0,0
528042185,9,350000000000000.0,0
528042185,10,450000000000000.0,0
528042185,11,550000000000000.0,0
528042185,12,650000000000000.0,0
528042185,13,750000000000000.0,0
528042185,14,850000000000000.0,0
528042185,15,950000000000000.0,1
528042185,17,920000000000000.0,0
528042185,18,940000000000000.0,0
528042185,20,950000000000000.0,1
528042185,21,950000000000000.0,1
528042185,24,110000000000000.0,0
528042185,26,70000000000000.0,0
528042185,27,50000000000000.0,0
528042185,30,60000000000000.0,0
528042185,33,120000000000000.0,1
528042185,35,160000000000000.0,7
528042185,39,240000000000000.0,14
528042185,40,260000000000000.0,16
528042185,41,110000000000000.0,1
528042185,44,120000000000000.0,1
528042185,47,120000000000000.0,1
528042185,48,212500000000000.0,0
528042185,52,212500000000000.0,0
528042185,53,215000000000000.0,0
528042185,55,215000000000000.0,0
528042185,57,400000000000000.0,0
528042185,58,400000000000000.0,0
528042185,59,120000000000000.0,0
528042185,60,130000000000000.0,0
528042185,61,140000000000000.0,0
528042185,64,150000000000000.0,1
528042185,66,150000000000000.0,1
528042185,67,190000000000000.0,5
528042185,68,190000000000000.0,4
528042185,69,190000000000000.0,4
528042185,70,190000000000000.0,6
528042185,75,950000000000000.0,0
528042185,76,960000000000000.0,0
528042185,77,980000000000000.0,0
528042185,78,999999938964843.8,0
528042185,79,1040000000000000.0,0
528042185,81,1100000000000000.0,1
528042185,82,1100000000000000.0,0
528042185,83,1100000000000000.0,0
528042185,85,1100000000000000.0,0
528042185,86,1100000000000000.0,0
528042185,88,1100000000000000.0,0
528042185,90,1100000000000000.0,0
528042185,92,1100000000000000.0,0
528042185,93,1100000000000000.0,0
528042185,94,1100000000000000.0,0
528042185,95,1100000000000000.0,0
528042185,96,1100000000000000.0,0
528042185,97,1100000000000000.0,0
528042185,98,1100000000000000.0,0
528042185,99,1100000000000000.0,0
528042185,100,1100000000000000.0,0
528042185,101,1100000000000000.0,0
528042185,102,1100000000000000.0,0
528042185,105,50000000000000.0,0
488386626,4,800000000000000.0,0
488386626,5,800000000000000.0,0
488386626,7,100000000000000.0,0
488386626,8,200000000000000.0,0
488386626,9,300000000000000.0,0
488386626,10,400000000000000.0,1
488386626,13,360000000000000.0,0
488386626,14,370000000000000.0,0
488386626,15,380000000000000.0,0
488386626,16,390000000000000.0,0
488386626,18,440000000000000.0,1
488386626,20,440000000000000.0,1
488386626,21,440000000000000.0,1
488386626,22,440000000000000.0,1
488386626,23,160000000000000.0,0
488386626,24,140000000000000.0,0
488386626,25,120000000000000.0,0
488386626,27,80000000000000.0,0
488386626,29,50000000000000.0,0
488386626,30,50000000000000.0,0
488386626,31,50000000000000.0,0
488386626,33,90000000000000.0,0
488386626,36,150000000000000.0,0
488386626,38,190000000000000.0,2
488386626,39,210000000000000.0,2
488386626,41,249999984741210.94,0
488386626,44,160000000000000.0,0
488386626,45,140000000000000.0,0
488386626,47,100000000000000.0,0
488386626,52,50000000000000.0,0
488386626,55,110000000000000.0,0
488386626,57,150000000000000.0,0
488386626,60,210000000000000.0,3
488386626,61,230000000000000.0,3
488386626,62,249999984741210.94,4
488386626,64,290000000000000.0,6
488386626,65,310000000000000.0,7
488386626,68,190000000000000.0,2
488386626,70,190000000000000.0,3
488386626,72,400000000000000.0,0
488386626,73,400000000000000.0,0
488386626,74,450000000000000.0,0
488386626,75,450000000000000.0,0
488386626,76,450000000000000.0,0
488386626,77,450000000000000.0,0
488386626,78,450000000000000.0,0
488386626,79,450000000000000.0,0
488386626,80,450000000000000.0,0
488386626,81,450000000000000.0,0
488386626,82,450000000000000.0,0
488386626,83,450000000000000.0,0
488386626,84,450000000000000.0,0
488386626,85,450000000000000.0,0
488386626,86,450000000000000.0,0
488386626,87,450000000000000.0,0
488386626,88,450000000000000.0,0
488386626,89,450000000000000.0,0
488386626,90,450000000000000.0,0
488386626,91,450000000000000.0,0
488386626,92,450000000000000.0,0
488386626,93,450000000000000.0,0
488386626,94,450000000000000.0,0
488386626,95,190000000000000.0,4
488386626,97,190000000000000.0,5
488386626,98,190000000000000.0,3
488386626,99,230000000000000.0,8
488386626,100,230000000000000.0,7
488386626,102,230000000000000.0,7
488386626,104,270000000000000.0,123
488386626,105,270000000000000.0,92
488386626,106,270000000000000.0,76
488386626,109,50000000000000.0,0
528638057,3,850000000000000.0,0
528638057,4,850000000000000.0,0
528638057,5,850000000000000.0,0
528638057,6,150000000000000.0,0
528638057,7,250000000000000.0,0
528638057,8,350000000000000.0,0
528638057,9,450000000000000.0,0
528638057,10,550000000000000.0,0
528638057,11,650000000000000.0,0
528638057,12,750000000000000.0,1
528638057,13,700000000000000.0,1
528638057,14,680000000000000.0,0
528638057,15,690000000000000.0,0
528638057,16,700000000000000.0,0
528638057,17,710000000000000.0,1
528638057,18,710000000000000.0,0
528638057,19,720000000000000.0,1
528638057,20,720000000000000.0,1
528638057,22,720000000000000.0,0
528638057,26,90000000000000.0,0
528638057,27,70000000000000.0,0
528638057,28,50000000000000.0,0
528638057,29,50000000000000.0,0
528638057,30,50000000000000.0,0
528638057,31,60000000000000.0,0
528638057,32,80000000000000.0,0
528638057,34,120000000000000.0,2
528638057,35,140000000000000.0,6
528638057,36,160000000000000.0,8
528638057,38,200000000000000.0,12
528638057,39,220000000000000.0,14
528638057,41,260000000000000.0,17
528638057,50,215000000000000.0,0
528638057,51,212250000000000.0,0
528638057,52,215000000000000.0,0
528638057,53,212250000000000.0,0
528638057,54,215000000000000.0,0
528638057,56,400000000000000.0,0
528638057,57,400000000000000.0,0
528638057,61,150000000000000.0,1
528638057,62,150000000000000.0,1
528638057,63,150000000000000.0,1
528638057,65,150000000000000.0,1
528638057,67,190000000000000.0,5
528638057,70,230000000000000.0,8
528638057,71,230000000000000.0,9
528638057,72,230000000000000.0,9
528638057,73,230000000000000.0,9
528638057,74,720000000000000.0,0
528638057,75,740000000000000.0,0
528638057,76,760000000000000.0,0
528638057,77,780000000000000.0,0
528638057,78,800000000000000.0,0
528638057,79,820000000000000.0,0
528638057,80,840000000000000.0,0
528638057,81,860000000000000.0,0
528638057,82,900000000000000.0,0
528638057,83,950000000000000.0,1
528638057,84,920000000000000.0,1
528638057,85,910000000000000.0,1
528638057,86,910000000000000.0,0
528638057,87,910000000000000.0,0
528638057,88,910000000000000.0,0
528638057,89,910000000000000.0,0
528638057,90,910000000000000.0,0
528638057,91,910000000000000.0,0
528638057,92,910000000000000.0,0
528638057,93,910000000000000.0,0
528638057,94,910000000000000.0,0
528638057,95,910000000000000.0,0
528638057,96,910000000000000.0,0
528638057,97,910000000000000.0,0
528638057,98,910000000000000.0,0
528638057,100,910000000000000.0,0
528638057,101,910000000000000.0,0
528638057,102,910000000000000.0,0
528638057,103,910000000000000.0,0
528638057,104,910000000000000.0,0
528638057,109,50000000000000.0,0
508282493,4,800000000000000.0,0
508282493,5,800000000000000.0,0
508282493,6,800000000000000.0,0
508282493,7,100000000000000.0,0
508282493,8,200000000000000.0,0
508282493,9,300000000000000.0,0
508282493,10,400000000000000.0,0
508282493,11,499999969482421.9,0
508282493,12,600000000000000.0,0
508282493,13,700000000000000.0,0
508282493,14,800000000000000.0,0
508282493,15,900000000000000.0,0
508282493,16,999999938964843.8,0
508282493,17,1100000000000000.0,0
508282493,18,1200000000000000.0,0
508282493,19,1300000000000000.0,0
508282493,20,1400000000000000.0,0
508282493,21,1500000000000000.0,1
508282493,22,1450000000000000.0,0
508282493,23,1500000000000000.0,1
508282493,24,1470000000000000.0,1
508282493,25,1460000000000000.0,0
508282493,26,1470000000000000.0,0
508282493,27,1480000000000000.0,0
508282493,28,1490000000000000.0,0
508282493,29,1500000000000000.0,0
508282493,30,1510000000000000.0,0
508282493,31,1530000000000000.0,1
508282493,32,1520000000000000.0,0
508282493,33,1530000000000000.0,0
508282493,34,1550000000000000.0,0
508282493,35,1570000000000000.0,1
508282493,36,1560000000000000.0,0
508282493,37,1570000000000000.0,0
508282493,38,1590000000000000.0,1
508282493,39,1580000000000000.0,1
508282493,40,1580000000000000.0,1
508282493,41,1580000000000000.0,0
508282493,42,1580000000000000.0,0
508282493,43,1580000000000000.0,0
508282493,44,1600000000000000.0,0
508282493,45,1620000000000000.0,0
508282493,46,1640000000000000.0,1
508282493,47,1630000000000000.0,0
508282493,48,1640000000000000.0,0
508282493,49,1650000000000000.0,1
508282493,50,1650000000000000.0,1
508282493,51,1650000000000000.0,1
508282493,52,1650000000000000.0,1
508282493,53,1650000000000000.0,1
508282493,54,160000000000000.0,0
508282493,55,140000000000000.0,0
508282493,56,120000000000000.0,0
508282493,57,100000000000000.0,0
508282493,58,80000000000000.0,0
508282493,59,60000000000000.0,0
508282493,60,50000000000000.0,0
508282493,61,50000000000000.0,0
508282493,62,50000000000000.0,0
508282493,63,70000000000000.0,0
508282493,64,90000000000000.0,0
508282493,65,110000000000000.0,0
508282493,66,130000000000000.0,0
508282493,67,150000000000000.0,0
508282493,68,170000000000000.0,0
508282493,69,190000000000000.0,1
508282493,70,210000000000000.0,1
508282493,71,230000000000000.0,2
508282493,72,249999984741210.94,6
508282493,73,270000000000000.0,7
508282493,74,290000000000000.0,8
508282493,75,310000000000000.0,9
508282493,92,400000000000000.0,0
508282493,93,400000000000000.0,0
508282493,98,260000000000000.0,0
508282493,99,270000000000000.0,1
508282493,100,270000000000000.0,1
508282493,101,270000000000000.0,1
508282493,102,270000000000000.0,0
508282493,103,310000000000000.0,1
508282493,104,310000000000000.0,1
508282493,105,310000000000000.0,1
508282493,106,310000000000000.0,1
508282493,107,350000000000000.0,7
508282493,108,350000000000000.0,6
508282493,109,350000000000000.0,6
508282493,110,350000000000000.0,6
508282493,111,1159500000000000.0,0
508282493,112,1159500000000000.0,0
508282493,113,1159500000000000.0,0
508282493,116,50000000000000.0,0
529988200,4,800000000000000.0,0
529988200,5,800000000000000.0,0
529988200,6,800000000000000.0,0
529988200,7,100000000000000.0,0
529988200,8,200000000000000.0,0
529988200,9,300000000000000.0,0
529988200,11,499999969482421.9,1
529988200,12,450000000000000.0,0
529988200,13,469999969482421.9,0
529988200,14,489999969482421.9,0
529988200,16,509999969482421.9,0
529988200,19,540000000000000.0,0
529988200,22,570000000000000.0,1
529988200,23,570000000000000.0,1
529988200,24,570000000000000.0,1
529988200,25,570000000000000.0,1
529988200,26,570000000000000.0,0
529988200,27,160000000000000.0,0
529988200,28,140000000000000.0,0
529988200,30,100000000000000.0,0
529988200,31,80000000000000.0,0
529988200,32,60000000000000.0,0
529988200,35,50000000000000.0,2
529988200,36,70000000000000.0,7
529988200,38,110000000000000.0,15
529988200,39,130000000000000.0,17
529988200,40,150000000000000.0,21
529988200,42,190000000000000.0,28
529988200,52,94250000000000.0,0
529988200,53,92750000000000.0,0
529988200,54,94250000000000.0,0
529988200,55,92750000000000.0,0
529988200,56,94250000000000.0,0
529988200,58,400000000000000.0,0
529988200,59,400000000000000.0,0
529988200,62,50000000000000.0,2
529988200,65,50000000000000.0,1
529988200,67,90000000000000.0,10
529988200,68,90000000000000.0,9
529988200,69,90000000000000.0,9
529988200,71,130000000000000.0,17
529988200,72,130000000000000.0,17
529988200,73,130000000000000.0,15
529988200,77,530000000000000.0,0
529988200,78,540000000000000.0,1
529988200,79,540000000000000.0,0
529988200,83,560000000000000.0,0
529988200,84,560000000000000.0,0
529988200,85,560000000000000.0,0
529988200,86,560000000000000.0,0
529988200,88,560000000000000.0,0
529988200,90,560000000000000.0,0
529988200,91,560000000000000.0,0
529988200,92,560000000000000.0,0
529988200,93,560000000000000.0,0
529988200,94,560000000000000.0,0
529988200,95,560000000000000.0,0
529988200,96,560000000000000.0,0
529988200,97,560000000000000.0,0
529988200,98,560000000000000.0,0
529988200,99,560000000000000.0,0
529988200,100,560000000000000.0,0
529988200,101,560000000000000.0,0
529988200,104,214750000000000.0,0
529988200,107,50000000000000.0,1
576132767,4,800000000000000.0,0
576132767,5,800000000000000.0,0
576132767,6,800000000000000.0,0
576132767,7,100000000000000.0,0
576132767,8,200000000000000.0,0
576132767,9,300000000000000.0,0
576132767,10,400000000000000.0,1
576132767,11,370000000000000.0,0
576132767,12,390000000000000.0,1
576132767,13,390000000000000.0,1
576132767,14,390000000000000.0,1
576132767,15,390000000000000.0,1
576132767,18,390000000000000.0,0
576132767,19,390000000000000.0,0
576132767,20,390000000000000.0,0
576132767,21,390000000000000.0,0
576132767,22,390000000000000.0,0
576132767,23,400000000000000.0,0
576132767,24,400000000000000.0,1
576132767,25,400000000000000.0,0
576132767,27,400000000000000.0,0
576132767,31,140000000000000.0,0
576132767,32,120000000000000.0,0
576132767,33,100000000000000.0,0
576132767,34,80000000000000.0,0
576132767,35,60000000000000.0,0
576132767,36,50000000000000.0,0
576132767,37,50000000000000.0,0
576132767,38,50000000000000.0,6
576132767,39,70000000000000.0,14
576132767,40,90000000000000.0,20
576132767,41,110000000000000.0,26
576132767,42,130000000000000.0,30
576132767,43,150000000000000.0,33
576132767,44,170000000000000.0,37
576132767,45,190000000000000.0,40
576132767,46,50000000000000.0,2
576132767,47,50000000000000.0,2
576132767,48,50000000000000.0,2
576132767,49,50000000000000.0,2
576132767,50,80000000000000.0,14
576132767,51,80000000000000.0,14
576132767,52,80000000000000.0,13
576132767,53,80000000000000.0,13
576132767,54,92750000000000.0,0
576132767,55,94250000000000.0,0
576132767,56,92750000000000.0,0
576132767,57,94250000000000.0,0
576132767,58,400000000000000.0,0
576132767,59,400000000000000.0,0
576132767,60,400000000000000.0,0
576132767,61,400000000000000.0,0
576132767,62,400000000000000.0,0
576132767,63,400000000000000.0,0
576132767,64,400000000000000.0,0
576132767,65,400000000000000.0,0
576132767,66,400000000000000.0,0
576132767,67,400000000000000.0,0
576132767,68,420000000000000.0,0
576132767,69,420000000000000.0,0
576132767,70,420000000000000.0,0
576132767,71,420000000000000.0,0
576132767,72,420000000000000.0,0
576132767,73,420000000000000.0,0
576132767,74,420000000000000.0,0
576132767,75,420000000000000.0,0
576132767,76,420000000000000.0,0
576132767,77,420000000000000.0,0
576132767,78,420000000000000.0,0
576132767,79,420000000000000.0,0
576132767,80,420000000000000.0,0
576132767,81,420000000000000.0,0
576132767,82,420000000000000.0,0
576132767,83,420000000000000.0,0
576132767,84,420000000000000.0,0
576132767,85,420000000000000.0,0
576132767,86,420000000000000.0,0
576132767,87,420000000000000.0,0
576132767,88,420000000000000.0,0
576132767,91,50000000000000.0,0
571709783,5,800000000000000.0,0
571709783,6,800000000000000.0,0
571709783,7,800000000000000.0,0
571709783,8,100000000000000.0,0
571709783,9,200000000000000.0,0
571709783,10,300000000000000.0,0
571709783,11,400000000000000.0,0
571709783,12,499999969482421.9,0
571709783,13,600000000000000.0,0
571709783,14,700000000000000.0,1
571709783,15,650000000000000.0,1
571709783,16,630000000000000.0,1
571709783,17,610000000000000.0,0
571709783,18,620000000000000.0,1
571709783,19,620000000000000.0,1
571709783,20,620000000000000.0,1
571709783,21,620000000000000.0,1
571709783,22,620000000000000.0,1
571709783,23,160000000000000.0,0
571709783,24,140000000000000.0,0
571709783,25,120000000000000.0,0
571709783,27,80000000000000.0,0
571709783,28,60000000000000.0,0
571709783,30,50000000000000.0,0
571709783,31,50000000000000.0,0
571709783,33,90000000000000.0,0
571709783,34,110000000000000.0,0
571709783,35,130000000000000.0,1
571709783,36,150000000000000.0,17
571709783,37,170000000000000.0,35
571709783,38,190000000000000.0,47
571709783,39,210000000000000.0,63
571709783,40,230000000000000.0,78
571709783,41,249999984741210.94,91
571709783,42,270000000000000.0,104
571709783,43,119999992370605.47,0
571709783,44,130000000000000.0,1
571709783,45,130000000000000.0,1
571709783,46,130000000000000.0,1
571709783,47,130000000000000.0,1
571709783,48,170000000000000.0,36
571709783,49,170000000000000.0,35
571709783,50,170000000000000.0,36
571709783,51,170000000000000.0,36
571709783,52,210000000000000.0,68
571709783,53,210000000000000.0,68
571709783,54,301375000000000.0,0
571709783,55,306500000000000.0,0
571709783,56,301375000000000.0,0
571709783,57,306500000000000.0,0
571709783,59,400000000000000.0,0
571709783,60,400000000000000.0,0
571709783,61,400000000000000.0,0
571709783,62,400000000000000.0,0
571709783,63,400000000000000.0,0
571709783,64,400000000000000.0,0
571709783,65,400000000000000.0,0
571709783,66,400000000000000.0,0
571709783,67,400000000000000.0,0
571709783,68,400000000000000.0,0
571709783,73,50000000000000.0,0
571709783,74,50000000000000.0,0
571709783,75,50000000000000.0,0
571709783,76,50000000000000.0,0
562381326,4,800000000000000.0,0
562381326,5,800000000000000.0,0
562381326,6,800000000000000.0,0
562381326,7,100000000000000.0,0
562381326,8,200000000000000.0,0
562381326,9,300000000000000.0,0
562381326,10,400000000000000.0,0
562381326,11,499999969482421.9,0
562381326,12,600000000000000.0,0
562381326,13,700000000000000.0,0
562381326,14,800000000000000.0,0
562381326,15,900000000000000.0,0
562381326,16,999999938964843.8,0
562381326,17,1100000000000000.0,0
562381326,18,1200000000000000.0,0
562381326,19,1300000000000000.0,1
562381326,20,1200000000000000.0,0
562381326,21,1220000000000000.0,0
562381326,22,1240000000000000.0,0
562381326,23,1260000000000000.0,0
562381326,24,1280000000000000.0,0
562381326,25,1300000000000000.0,0
562381326,26,1350000000000000.0,0
562381326,27,1370000000000000.0,1
562381326,28,1370000000000000.0,0
562381326,29,1370000000000000.0,1
562381326,30,1370000000000000.0,1
562381326,31,1370000000000000.0,0
562381326,32,1370000000000000.0,0
562381326,33,1370000000000000.0,0
562381326,34,1370000000000000.0,0
562381326,35,1370000000000000.0,0
562381326,36,1370000000000000.0,0
562381326,37,160000000000000.0,0
562381326,38,140000000000000.0,0
562381326,39,120000000000000.0,0
562381326,40,100000000000000.0,0
562381326,41,80000000000000.0,0
562381326,42,60000000000000.0,0
562381326,43,50000000000000.0,0
562381326,44,50000000000000.0,0
562381326,45,50000000000000.0,0
562381326,46,70000000000000.0,0
562381326,47,90000000000000.0,0
562381326,48,110000000000000.0,0
562381326,49,130000000000000.0,0
562381326,50,150000000000000.0,0
562381326,51,170000000000000.0,0
562381326,52,190000000000000.0,1
562381326,53,210000000000000.0,3
562381326,54,230000000000000.0,5
562381326,55,249999984741210.94,7
562381326,56,270000000000000.0,9
562381326,57,290000000000000.0,10
562381326,58,310000000000000.0,12
562381326,59,330000000000000.0,14
562381326,60,150000000000000.0,0
562381326,61,200000000000000.0,4
562381326,62,170000000000000.0,1
562381326,63,170000000000000.0,1
562381326,64,170000000000000.0,1
562381326,65,170000000000000.0,1
562381326,66,394000000000000.0,0
562381326,67,400750000000000.0,0
562381326,68,394000000000000.0,0
562381326,69,400750000000000.0,0
562381326,70,394000000000000.0,0
562381326,80,50000000000000.0,0
528612139,4,800000000000000.0,0
528612139,5,800000000000000.0,0
528612139,6,800000000000000.0,0
528612139,7,100000000000000.0,0
528612139,8,200000000000000.0,0
528612139,9,300000000000000.0,0
528612139,10,400000000000000.0,2
528612139,13,400000000000000.0,2
528612139,14,400000000000000.0,1
528612139,15,400000000000000.0,1
528612139,17,120000000000000.0,0
528612139,18,100000000000000.0,0
528612139,20,59999996185302.734,0
528612139,21,40000000000000.0,0
528612139,25,70000000000000.0,14
528612139,27,110000000000000.0,22
528612139,31,29999998092651.367,2
528612139,32,29999998092651.367,4
528612139,33,29999998092651.367,2
528612139,37,69375000000000.0,0
528612139,38,70625000000000.0,0
528612139,39,69375000000000.0,0
528612139,45,50000000000000.0,0
571718621,6,800000000000000.0,0
571718621,7,800000000000000.0,0
571718621,8,100000000000000.0,0
571718621,9,200000000000000.0,0
571718621,10,300000000000000.0,0
571718621,11,400000000000000.0,0
571718621,12,499999969482421.9,1
571718621,13,450000000000000.0,1
571718621,14,430000000000000.0,1
571718621,15,410000000000000.0,0
571718621,16,420000000000000.0,0
571718621,17,430000000000000.0,1
571718621,18,430000000000000.0,0
571718621,19,440000000000000.0,1
571718621,20,440000000000000.0,1
571718621,21,440000000000000.0,1
571718621,22,440000000000000.0,1
571718621,23,440000000000000.0,1
571718621,24,160000000000000.0,0
571718621,25,140000000000000.0,0
571718621,26,120000000000000.0,0
571718621,27,100000000000000.0,0
571718621,28,80000000000000.0,0
571718621,29,60000000000000.0,0
571718621,30,50000000000000.0,0
571718621,31,50000000000000.0,0
571718621,33,70000000000000.0,25
571718621,34,90000000000000.0,33
571718621,35,110000000000000.0,38
571718621,36,130000000000000.0,43
571718621,37,150000000000000.0,47
571718621,39,190000000000000.0,53
571718621,40,50000000000000.0,3
571718621,41,50000000000000.0,0
571718621,42,50000000000000.0,4
571718621,43,50000000000000.0,3
571718621,44,50000000000000.0,4
571718621,45,50000000000000.0,3
571718621,46,80000000000000.0,24
571718621,47,80000000000000.0,23
571718621,48,80000000000000.0,23
571718621,49,80000000000000.0,24
571718621,50,119999992370605.47,37
571718621,51,119999992370605.47,36
571718621,52,92750000000000.0,0
571718621,53,94250000000000.0,0
571718621,54,92750000000000.0,0
571718621,55,94250000000000.0,0
571718621,58,400000000000000.0,0
571718621,59,400000000000000.0,0
571718621,60,400000000000000.0,0
571718621,61,400000000000000.0,0
571718621,62,400000000000000.0,0
571718621,63,400000000000000.0,0
571718621,64,400000000000000.0,0
571718621,65,400000000000000.0,0
571718621,66,400000000000000.0,0
571718621,67,400000000000000.0,0
571718621,70,50000000000000.0,0
531517518,4,800000000000000.0,0
531517518,5,800000000000000.0,0
531517518,6,800000000000000.0,0
531517518,7,100000000000000.0,0
531517518,8,200000000000000.0,0
531517518,9,300000000000000.0,0
531517518,10,400000000000000.0,0
531517518,11,499999969482421.9,0
531517518,12,600000000000000.0,0
531517518,13,700000000000000.0,0
531517518,14,800000000000000.0,0
531517518,15,900000000000000.0,0
531517518,16,999999938964843.8,0
531517518,17,1100000000000000.0,0
531517518,18,1200000000000000.0,0
531517518,19,1300000000000000.0,0
531517518,20,1400000000000000.0,0
531517518,21,1500000000000000.0,0
531517518,22,1600000000000000.0,0
531517518,23,1700000000000000.0,0
531517518,24,1800000000000000.0,0
531517518,25,1899999877929687.5,0
531517518,26,1999999877929687.5,0
531517518,27,2100000000000000.0,0
531517518,28,2200000000000000.0,0
531517518,29,2300000000000000.0,0
531517518,30,2400000000000000.0,0
531517518,31,2500000000000000.0,0
531517518,32,2600000000000000.0,1
531517518,33,2550000000000000.0,1
531517518,34,2530000000000000.0,0
531517518,35,2540000000000000.0,0
531517518,36,2550000000000000.0,0
531517518,37,2560000000000000.0,0
531517518,38,2570000000000000.0,0
531517518,39,2590000000000000.0,0
531517518,41,2600000000000000.0,0
531517518,42,2600000000000000.0,0
531517518,43,2610000000000000.0,0
531517518,44,2630000000000000.0,1
531517518,45,2630000000000000.0,0
531517518,46,2630000000000000.0,0
531517518,47,2650000000000000.0,1
531517518,48,2650000000000000.0,0
531517518,49,2670000000000000.0,0
531517518,50,2690000000000000.0,0
531517518,51,2700000000000000.0,1
531517518,60,140000000000000.0,0
531517518,61,120000000000000.0,0
531517518,62,100000000000000.0,0
531517518,63,80000000000000.0,0
531517518,65,50000000000000.0,0
531517518,66,50000000000000.0,0
531517518,67,50000000000000.0,0
531517518,68,70000000000000.0,0
531517518,69,90000000000000.0,0
531517518,70,110000000000000.0,0
531517518,71,130000000000000.0,0
531517518,72,150000000000000.0,0
531517518,73,170000000000000.0,0
531517518,74,190000000000000.0,0
531517518,75,210000000000000.0,0
531517518,76,230000000000000.0,0
531517518,77,249999984741210.94,0
531517518,78,270000000000000.0,0
531517518,79,290000000000000.0,0
531517518,80,310000000000000.0,0
531517518,81,330000000000000.0,0
531517518,82,350000000000000.0,0
531517518,83,370000000000000.0,0
531517518,84,390000000000000.0,0
531517518,85,410000000000000.0,0
531517518,86,430000000000000.0,0
531517518,87,450000000000000.0,1
531517518,88,469999969482421.9,2
531517518,89,489999969482421.9,2
531517518,114,50000000000000.0,0
508281653,4,800000000000000.0,0
508281653,5,800000000000000.0,0
508281653,6,800000000000000.0,0
508281653,7,100000000000000.0,0
508281653,8,200000000000000.0,0
508281653,9,300000000000000.0,0
508281653,10,400000000000000.0,0
508281653,11,499999969482421.9,0
508281653,12,600000000000000.0,0
508281653,13,700000000000000.0,0
508281653,14,800000000000000.0,1
508281653,15,750000000000000.0,0
508281653,16,770000000000000.0,0
508281653,17,780000000000000.0,1
508281653,18,780000000000000.0,1
508281653,19,780000000000000.0,1
508281653,20,780000000000000.0,1
508281653,21,780000000000000.0,1
508281653,22,780000000000000.0,1
508281653,23,160000000000000.0,0
508281653,24,140000000000000.0,0
508281653,25,120000000000000.0,0
508281653,26,100000000000000.0,0
508281653,27,80000000000000.0,0
508281653,28,60000000000000.0,0
508281653,29,50000000000000.0,0
508281653,30,50000000000000.0,0
508281653,31,50000000000000.0,0
508281653,32,70000000000000.0,0
508281653,33,90000000000000.0,0
508281653,34,110000000000000.0,0
508281653,35,130000000000000.0,0
508281653,36,150000000000000.0,0
508281653,37,170000000000000.0,0
508281653,38,190000000000000.0,0
508281653,39,210000000000000.0,0
508281653,40,230000000000000.0,0
508281653,41,249999984741210.94,0
508281653,42,270000000000000.0,0
508281653,43,290000000000000.0,1
508281653,44,310000000000000.0,1
508281653,45,330000000000000.0,1
508281653,46,350000000000000.0,1
508281653,47,370000000000000.0,15
508281653,48,390000000000000.0,38
508281653,49,410000000000000.0,54
508281653,50,430000000000000.0,59
508281653,51,290000000000000.0,0
508281653,52,310000000000000.0,0
508281653,53,330000000000000.0,1
508281653,54,330000000000000.0,1
508281653,55,330000000000000.0,1
508281653,56,330000000000000.0,1
508281653,109,50000000000000.0,0
508421103,4,800000000000000.0,0
508421103,5,800000000000000.0,0
508421103,6,800000000000000.0,0
508421103,7,100000000000000.0,0
508421103,8,200000000000000.0,0
508421103,9,300000000000000.0,0
508421103,10,400000000000000.0,0
508421103,11,499999969482421.9,0
508421103,12,600000000000000.0,1
508421103,13,550000000000000.0,0
508421103,14,570000000000000.0,0
508421103,15,590000000000000.0,0
508421103,16,600000000000000.0,1
508421103,17,600000000000000.0,1
508421103,18,600000000000000.0,1
508421103,19,600000000000000.0,1
508421103,20,600000000000000.0,0
508421103,21,600000000000000.0,1
508421103,22,160000000000000.0,0
508421103,23,140000000000000.0,0
508421103,24,120000000000000.0,0
508421103,25,100000000000000.0,0
508421103,26,80000000000000.0,0
508421103,27,60000000000000.0,0
508421103,28,50000000000000.0,0
508421103,29,50000000000000.0,0
508421103,30,50000000000000.0,0
508421103,31,70000000000000.0,1
508421103,32,90000000000000.0,7
508421103,33,110000000000000.0,10
508421103,34,130000000000000.0,14
508421103,35,150000000000000.0,17
508421103,36,170000000000000.0,19
508421103,37,190000000000000.0,21
508421103,38,210000000000000.0,23
508421103,39,59999996185302.734,0
508421103,40,70000000000000.0,0
508421103,41,80000000000000.0,0
508421103,42,90000000000000.0,0
508421103,43,100000000000000.0,4
508421103,44,100000000000000.0,3
508421103,45,100000000000000.0,2
508421103,46,231750000000000.0,0
508421103,47,235750000000000.0,0
508421103,48,231750000000000.0,0
508421103,49,235750000000000.0,0
508421103,50,231750000000000.0,0
508421103,51,235750000000000.0,0
508421103,52,231750000000000.0,0
508421103,53,235750000000000.0,0
508421103,55,400000000000000.0,0
508421103,56,400000000000000.0,0
508421103,57,600000000000000.0,0
508421103,58,610000000000000.0,0
508421103,59,630000000000000.0,0
508421103,60,650000000000000.0,0
508421103,61,670000000000000.0,0
508421103,62,690000000000000.0,0
508421103,63,700000000000000.0,0
508421103,64,710000000000000.0,0
508421103,65,750000000000000.0,0
508421103,66,800000000000000.0,1
508421103,67,770000000000000.0,0
508421103,68,790000000000000.0,1
508421103,69,780000000000000.0,1
508421103,70,780000000000000.0,0
508421103,71,780000000000000.0,0
508421103,72,780000000000000.0,0
508421103,73,780000000000000.0,0
508421103,74,780000000000000.0,0
508421103,75,780000000000000.0,0
508421103,76,780000000000000.0,0
508421103,77,780000000000000.0,0
508421103,78,780000000000000.0,0
508421103,79,780000000000000.0,0
508421103,80,780000000000000.0,0
508421103,81,780000000000000.0,0
508421103,82,780000000000000.0,0
508421103,83,780000000000000.0,0
508421103,84,780000000000000.0,0
508421103,85,780000000000000.0,0
508421103,86,780000000000000.0,0
508421103,87,780000000000000.0,0
508421103,88,780000000000000.0,0
508421103,89,780000000000000.0,0
508421103,90,780000000000000.0,0
508421103,91,70000000000000.0,0
508421103,93,130000000000000.0,0
508421103,94,150000000000000.0,0
508421103,95,170000000000000.0,3
508421103,96,160000000000000.0,0
508421103,97,170000000000000.0,2
508421103,98,170000000000000.0,2
508421103,100,170000000000000.0,2
508421103,101,170000000000000.0,2
508421103,102,210000000000000.0,10
508421103,103,210000000000000.0,10
508421103,104,210000000000000.0,9
508421103,105,210000000000000.0,8
508421103,106,249999984741210.94,14
508421103,107,249999984741210.94,14
508421103,108,249999984741210.94,14
508421103,109,249999984741210.94,13
508421103,112,50000000000000.0,0
569823971,7,800000000000000.0,0
569823971,8,800000000000000.0,0
569823971,9,800000000000000.0,0
569823971,10,100000000000000.0,0
569823971,11,200000000000000.0,0
569823971,12,300000000000000.0,0
569823971,13,400000000000000.0,0
569823971,14,499999969482421.9,1
569823971,15,450000000000000.0,1
569823971,16,430000000000000.0,0
569823971,17,440000000000000.0,0
569823971,18,450000000000000.0,0
569823971,19,460000000000000.0,0
569823971,20,469999969482421.9,0
569823971,21,479999969482421.9,0
569823971,22,489999969482421.9,1
569823971,23,489999969482421.9,0
569823971,24,499999969482421.9,0
569823971,25,509999969482421.9,1
569823971,26,509999969482421.9,1
569823971,27,509999969482421.9,1
569823971,28,509999969482421.9,1
569823971,29,509999969482421.9,1
569823971,30,160000000000000.0,0
569823971,31,140000000000000.0,0
569823971,32,120000000000000.0,0
569823971,33,100000000000000.0,0
569823971,34,80000000000000.0,0
569823971,35,60000000000000.0,0
569823971,36,50000000000000.0,0
569823971,37,50000000000000.0,0
569823971,38,50000000000000.0,2
569823971,39,70000000000000.0,9
569823971,40,90000000000000.0,16
569823971,41,110000000000000.0,22
569823971,42,130000000000000.0,27
569823971,43,150000000000000.0,31
569823971,44,170000000000000.0,35
569823971,45,190000000000000.0,38
569823971,46,50000000000000.0,0
569823971,47,50000000000000.0,0
569823971,48,59999996185302.734,3
569823971,49,59999996185302.734,3
569823971,50,59999996185302.734,3
569823971,51,59999996185302.734,3
569823971,52,100000000000000.0,18
569823971,53,100000000000000.0,17
569823971,54,100000000000000.0,18
569823971,55,100000000000000.0,18
569823971,56,139125000000000.0,0
569823971,57,141500000000000.0,0
569823971,58,139125000000000.0,0
569823971,59,141500000000000.0,0
569823971,61,400000000000000.0,0
569823971,62,400000000000000.0,0
569823971,63,400000000000000.0,0
569823971,64,400000000000000.0,0
569823971,65,400000000000000.0,0
569823971,66,400000000000000.0,0
569823971,67,400000000000000.0,0
569823971,68,400000000000000.0,0
569823971,69,400000000000000.0,0
569823971,70,400000000000000.0,0
569823971,73,50000000000000.0,0
561432315,6,800000000000000.0,0
561432315,7,800000000000000.0,0
561432315,8,800000000000000.0,0
561432315,9,100000000000000.0,0
561432315,10,200000000000000.0,0
561432315,11,300000000000000.0,1
561432315,12,249999984741210.94,1
561432315,13,230000000000000.0,1
561432315,14,210000000000000.0,1
561432315,15,200000000000000.0,0
561432315,16,210000000000000.0,1
561432315,17,210000000000000.0,1
561432315,18,210000000000000.0,1
561432315,20,210000000000000.0,0
561432315,21,160000000000000.0,0
561432315,22,140000000000000.0,0
561432315,23,120000000000000.0,0
561432315,24,100000000000000.0,0
561432315,25,80000000000000.0,0
561432315,26,60000000000000.0,0
561432315,27,50000000000000.0,0
561432315,28,50000000000000.0,0
561432315,29,50000000000000.0,12
561432315,30,70000000000000.0,25
561432315,31,90000000000000.0,35
561432315,32,110000000000000.0,44
561432315,33,130000000000000.0,52
561432315,34,150000000000000.0,61
561432315,35,170000000000000.0,67
561432315,36,190000000000000.0,76
561432315,37,70000000000000.0,22
561432315,38,50000000000000.0,0
561432315,39,59999996185302.734,7
561432315,40,59999996185302.734,2
561432315,41,59999996185302.734,8
561432315,42,59999996185302.734,7
561432315,43,139125000000000.0,0
561432315,44,141500000000000.0,0
561432315,45,139125000000000.0,0
561432315,46,141500000000000.0,0
561432315,47,139125000000000.0,0
561432315,48,141500000000000.0,0
561432315,50,141500000000000.0,0
561432315,52,400000000000000.0,0
561432315,55,50000000000000.0,0
561432315,56,50000000000000.0,0
530062215,4,800000000000000.0,0
530062215,5,800000000000000.0,0
530062215,6,800000000000000.0,0
530062215,7,100000000000000.0,0
530062215,8,200000000000000.0,0
530062215,9,300000000000000.0,0
530062215,10,400000000000000.0,0
530062215,11,499999969482421.9,0
530062215,12,600000000000000.0,0
530062215,13,700000000000000.0,0
530062215,14,800000000000000.0,0
530062215,15,900000000000000.0,0
530062215,16,999999938964843.8,0
530062215,17,1100000000000000.0,0
530062215,18,1200000000000000.0,0
530062215,19,1300000000000000.0,0
530062215,20,1400000000000000.0,0
530062215,21,1500000000000000.0,0
530062215,22,1600000000000000.0,0
530062215,23,1700000000000000.0,0
530062215,24,1800000000000000.0,0
530062215,25,1899999877929687.5,0
530062215,26,1999999877929687.5,0
530062215,28,2050000000000000.0,0
530062215,29,2070000000000000.0,1
530062215,30,2060000000000000.0,1
530062215,31,2060000000000000.0,1
530062215,32,2060000000000000.0,1
530062215,33,2060000000000000.0,1
530062215,34,2060000000000000.0,0
530062215,35,160000000000000.0,0
530062215,36,140000000000000.0,0
530062215,37,120000000000000.0,0
530062215,38,100000000000000.0,0
530062215,39,80000000000000.0,0
530062215,40,60000000000000.0,0
530062215,41,50000000000000.0,0
530062215,42,50000000000000.0,0
530062215,43,50000000000000.0,0
530062215,44,70000000000000.0,0
530062215,45,90000000000000.0,0
530062215,46,110000000000000.0,0
530062215,47,130000000000000.0,0
530062215,48,150000000000000.0,0
530062215,49,170000000000000.0,2
530062215,50,190000000000000.0,2
530062215,51,210000000000000.0,2
530062215,53,249999984741210.94,4
530062215,54,270000000000000.0,6
530062215,55,290000000000000.0,7
530062215,83,50000000000000.0,0
527891102,4,800000000000000.0,0
527891102,5,800000000000000.0,0
527891102,6,800000000000000.0,0
527891102,7,100000000000000.0,0
527891102,8,200000000000000.0,0
527891102,9,300000000000000.0,0
527891102,10,400000000000000.0,0
527891102,11,499999969482421.9,0
527891102,12,600000000000000.0,0
527891102,13,700000000000000.0,0
527891102,14,800000000000000.0,1
527891102,15,750000000000000.0,0
527891102,16,770000000000000.0,0
527891102,17,790000000000000.0,1
527891102,18,780000000000000.0,1
527891102,19,780000000000000.0,0
527891102,20,790000000000000.0,0
527891102,21,800000000000000.0,1
527891102,22,800000000000000.0,1
527891102,23,800000000000000.0,1
527891102,24,800000000000000.0,0
527891102,25,800000000000000.0,1
527891102,26,800000000000000.0,1
527891102,27,160000000000000.0,0
527891102,28,140000000000000.0,0
527891102,29,120000000000000.0,0
527891102,30,100000000000000.0,0
527891102,31,80000000000000.0,0
527891102,33,50000000000000.0,0
527891102,34,50000000000000.0,0
527891102,35,50000000000000.0,0
527891102,36,70000000000000.0,0
527891102,37,90000000000000.0,2
527891102,38,110000000000000.0,3
527891102,39,130000000000000.0,6
527891102,40,150000000000000.0,9
527891102,41,170000000000000.0,11
527891102,42,190000000000000.0,14
527891102,43,210000000000000.0,16
527891102,44,230000000000000.0,18
527891102,45,80000000000000.0,0
527891102,46,90000000000000.0,1
527891102,47,90000000000000.0,1
527891102,48,90000000000000.0,1
527891102,49,90000000000000.0,1
527891102,50,208750000000000.0,0
527891102,51,212500000000000.0,0
527891102,52,208750000000000.0,0
527891102,53,212500000000000.0,0
527891102,54,208750000000000.0,0
527891102,55,212500000000000.0,0
527891102,56,208750000000000.0,0
527891102,57,212500000000000.0,0
527891102,59,400000000000000.0,0
527891102,60,400000000000000.0,0
527891102,61,90000000000000.0,0
527891102,62,100000000000000.0,0
527891102,63,110000000000000.0,1
527891102,64,110000000000000.0,1
527891102,65,110000000000000.0,1
527891102,66,110000000000000.0,1
527891102,67,110000000000000.0,1
527891102,68,150000000000000.0,3
527891102,69,150000000000000.0,3
527891102,70,150000000000000.0,3
527891102,71,150000000000000.0,2
527891102,72,190000000000000.0,7
527891102,73,190000000000000.0,6
527891102,74,190000000000000.0,6
527891102,78,50000000000000.0,0
539640410,5,800000000000000.0,0
539640410,6,800000000000000.0,0
539640410,7,100000000000000.0,0
539640410,8,200000000000000.0,0
539640410,9,300000000000000.0,1
539640410,10,249999984741210.94,0
539640410,11,270000000000000.0,0
539640410,12,280000000000000.0,1
539640410,13,280000000000000.0,1
539640410,14,280000000000000.0,1
539640410,15,280000000000000.0,1
539640410,17,160000000000000.0,0
539640410,18,140000000000000.0,0
539640410,19,120000000000000.0,0
539640410,20,100000000000000.0,0
539640410,21,80000000000000.0,0
539640410,22,60000000000000.0,0
539640410,23,50000000000000.0,0
539640410,24,50000000000000.0,0
539640410,25,50000000000000.0,0
539640410,26,70000000000000.0,0
539640410,27,90000000000000.0,8
539640410,28,110000000000000.0,28
539640410,29,130000000000000.0,46
539640410,30,150000000000000.0,55
539640410,31,170000000000000.0,63
539640410,32,190000000000000.0,72
539640410,33,210000000000000.0,79
539640410,34,230000000000000.0,86
539640410,35,80000000000000.0,0
539640410,36,90000000000000.0,0
539640410,37,100000000000000.0,1
539640410,38,100000000000000.0,6
539640410,39,100000000000000.0,0
539640410,40,100000000000000.0,9
539640410,41,231750000000000.0,0
539640410,42,235750000000000.0,0
539640410,43,231750000000000.0,0
539640410,44,235750000000000.0,0
539640410,45,231750000000000.0,0
539640410,46,235750000000000.0,0
539640410,47,231750000000000.0,0
539640410,48,235750000000000.0,0
539640410,50,400000000000000.0,0
539640410,51,400000000000000.0,0
539640410,54,50000000000000.0,0
541536216,5,800000000000000.0,0
541536216,6,800000000000000.0,0
541536216,7,800000000000000.0,0
541536216,8,100000000000000.0,0
541536216,9,200000000000000.0,0
541536216,10,300000000000000.0,0
541536216,11,400000000000000.0,0
541536216,12,499999969482421.9,0
541536216,13,600000000000000.0,1
541536216,14,550000000000000.0,0
541536216,15,570000000000000.0,0
541536216,16,580000000000000.0,0
541536216,17,590000000000000.0,1
541536216,18,590000000000000.0,1
541536216,19,590000000000000.0,1
541536216,20,590000000000000.0,1
541536216,21,590000000000000.0,1
541536216,22,160000000000000.0,0
541536216,23,140000000000000.0,0
541536216,24,120000000000000.0,0
541536216,25,100000000000000.0,0
541536216,26,80000000000000.0,0
541536216,27,60000000000000.0,0
541536216,28,50000000000000.0,0
541536216,29,50000000000000.0,0
541536216,30,50000000000000.0,0
541536216,31,70000000000000.0,0
541536216,32,90000000000000.0,1
541536216,33,110000000000000.0,1
541536216,34,130000000000000.0,4
541536216,35,150000000000000.0,22
541536216,36,170000000000000.0,36
541536216,37,190000000000000.0,45
541536216,38,210000000000000.0,56
541536216,39,230000000000000.0,66
541536216,42,100000000000000.0,1
541536216,43,100000000000000.0,1
541536216,44,100000000000000.0,1
541536216,45,100000000000000.0,1
541536216,46,231750000000000.0,0
541536216,47,235750000000000.0,0
541536216,48,231750000000000.0,0
541536216,49,235750000000000.0,0
541536216,50,231750000000000.0,0
541536216,52,231750000000000.0,0
541536216,53,235750000000000.0,0
541536216,55,400000000000000.0,0
541536216,56,400000000000000.0,0
541536216,59,130000000000000.0,1
541536216,60,130000000000000.0,1
541536216,61,130000000000000.0,1
541536216,62,130000000000000.0,1
541536216,63,130000000000000.0,1
541536216,64,170000000000000.0,2
541536216,65,170000000000000.0,2
541536216,66,170000000000000.0,2
541536216,67,170000000000000.0,2
541536216,68,210000000000000.0,32
541536216,69,210000000000000.0,34
541536216,70,210000000000000.0,28
541536216,71,210000000000000.0,26
541536216,72,590000000000000.0,1
541536216,73,550000000000000.0,1
541536216,74,499999969482421.9,0
541536216,75,530000000000000.0,1
541536216,76,520000000000000.0,1
541536216,77,509999969482421.9,0
541536216,78,520000000000000.0,1
541536216,79,530000000000000.0,0
541536216,80,540000000000000.0,0
541536216,81,540000000000000.0,0
541536216,82,540000000000000.0,0
541536216,83,540000000000000.0,0
541536216,84,540000000000000.0,0
541536216,85,540000000000000.0,0
541536216,86,540000000000000.0,0
541536216,87,540000000000000.0,0
541536216,88,540000000000000.0,0
541536216,89,540000000000000.0,0
541536216,90,540000000000000.0,0
541536216,91,540000000000000.0,0
541536216,92,540000000000000.0,0
541536216,93,540000000000000.0,0
541536216,94,540000000000000.0,0
541536216,95,540000000000000.0,0
541536216,96,540000000000000.0,0
541536216,97,540000000000000.0,0
541536216,98,540000000000000.0,0
541536216,99,540000000000000.0,0
541536216,100,540000000000000.0,0
541536216,101,558250000000000.0,0
541536216,102,558250000000000.0,0
541536216,103,558250000000000.0,0
541536216,107,50000000000000.0,0
519849529,6,800000000000000.0,0
519849529,8,200000000000000.0,0
519849529,9,300000000000000.0,0
519849529,12,600000000000000.0,0
519849529,14,800000000000000.0,0
519849529,17,1100000000000000.0,1
519849529,18,1100000000000000.0,1
519849529,23,140000000000000.0,0
519849529,24,120000000000000.0,0
519849529,26,80000000000000.0,0
519849529,28,50000000000000.0,0
519849529,29,50000000000000.0,0
519849529,30,50000000000000.0,0
519849529,31,70000000000000.0,0
519849529,34,130000000000000.0,2
519849529,36,170000000000000.0,6
519849529,38,210000000000000.0,8
519849529,39,230000000000000.0,9
519849529,44,231750000000000.0,0
519849529,49,235750000000000.0,0
519849529,50,231750000000000.0,0
519849529,54,50000000000000.0,0
488386431,4,800000000000000.0,0
488386431,5,800000000000000.0,0
488386431,6,800000000000000.0,0
488386431,7,100000000000000.0,0
488386431,8,200000000000000.0,0
488386431,9,300000000000000.0,0
488386431,10,400000000000000.0,0
488386431,11,499999969482421.9,0
488386431,12,600000000000000.0,0
488386431,13,700000000000000.0,0
488386431,14,800000000000000.0,0
488386431,15,900000000000000.0,0
488386431,16,999999938964843.8,0
488386431,17,1100000000000000.0,0
488386431,18,1200000000000000.0,0
488386431,19,1300000000000000.0,0
488386431,20,1400000000000000.0,1
488386431,21,1350000000000000.0,1
488386431,22,1330000000000000.0,0
488386431,23,1340000000000000.0,1
488386431,24,1340000000000000.0,1
488386431,25,1340000000000000.0,0
488386431,26,1340000000000000.0,0
488386431,27,1350000000000000.0,0
488386431,28,1360000000000000.0,1
488386431,29,1360000000000000.0,0
488386431,30,1360000000000000.0,1
488386431,31,1360000000000000.0,1
488386431,32,1360000000000000.0,0
488386431,33,160000000000000.0,0
488386431,34,140000000000000.0,0
488386431,35,120000000000000.0,0
488386431,36,100000000000000.0,0
488386431,37,80000000000000.0,0
488386431,38,60000000000000.0,0
488386431,39,50000000000000.0,0
488386431,40,50000000000000.0,0
488386431,41,50000000000000.0,0
488386431,42,70000000000000.0,0
488386431,43,90000000000000.0,0
488386431,44,110000000000000.0,0
488386431,45,130000000000000.0,0
488386431,46,150000000000000.0,0
488386431,47,170000000000000.0,0
488386431,48,190000000000000.0,0
488386431,49,210000000000000.0,0
488386431,50,230000000000000.0,0
488386431,51,249999984741210.94,1
488386431,52,270000000000000.0,1
488386431,53,290000000000000.0,1
488386431,54,310000000000000.0,3
488386431,55,330000000000000.0,4
488386431,56,350000000000000.0,7
488386431,57,370000000000000.0,8
488386431,58,390000000000000.0,11
488386431,59,249999984741210.94,0
488386431,60,270000000000000.0,1
488386431,62,270000000000000.0,1
488386431,63,270000000000000.0,1
488386431,64,625875000000000.0,0
488386431,65,636625000000000.0,0
488386431,66,625875000000000.0,0
488386431,67,636625000000000.0,0
488386431,68,625875000000000.0,0
488386431,69,636625000000000.0,0
488386431,70,625875000000000.0,0
488386431,71,636625000000000.0,0
488386431,73,400000000000000.0,0
488386431,74,400000000000000.0,0
488386431,75,1380000000000000.0,0
488386431,76,1400000000000000.0,0
488386431,77,1420000000000000.0,0
488386431,78,1440000000000000.0,0
488386431,79,1460000000000000.0,0
488386431,80,1480000000000000.0,0
488386431,81,1500000000000000.0,0
488386431,82,1520000000000000.0,0
488386431,84,1550000000000000.0,0
488386431,85,1600000000000000.0,0
488386431,86,1650000000000000.0,0
488386431,87,1700000000000000.0,0
488386431,88,1750000000000000.0,0
488386431,89,1750000000000000.0,0
488386431,90,1750000000000000.0,0
488386431,91,1750000000000000.0,0
488386431,92,1750000000000000.0,0
488386431,93,1750000000000000.0,0
488386431,94,1750000000000000.0,0
488386431,95,1750000000000000.0,0
488386431,96,1750000000000000.0,0
488386431,97,1750000000000000.0,0
488386431,98,1750000000000000.0,0
488386431,99,1750000000000000.0,0
488386431,100,1750000000000000.0,0
488386431,101,1750000000000000.0,0
488386431,102,1750000000000000.0,0
488386431,103,1750000000000000.0,0
488386431,104,1750000000000000.0,0
488386431,105,1750000000000000.0,0
488386431,106,1750000000000000.0,0
488386431,107,1750000000000000.0,0
488386431,108,1750000000000000.0,0
488386431,109,270000000000000.0,1
488386431,110,270000000000000.0,0
488386431,111,270000000000000.0,0
488386431,112,290000000000000.0,1
488386431,113,290000000000000.0,1
488386431,115,290000000000000.0,0
488386431,116,330000000000000.0,1
488386431,117,330000000000000.0,1
488386431,118,330000000000000.0,1
488386431,119,330000000000000.0,1
488386431,120,370000000000000.0,1
488386431,121,370000000000000.0,1
488386431,122,370000000000000.0,1
488386431,123,370000000000000.0,1
488386431,126,50000000000000.0,0
528631988,4,800000000000000.0,0
528631988,5,800000000000000.0,0
528631988,6,800000000000000.0,0
528631988,7,100000000000000.0,0
528631988,8,200000000000000.0,0
528631988,9,300000000000000.0,0
528631988,10,400000000000000.0,0
528631988,11,499999969482421.9,0
528631988,12,600000000000000.0,0
528631988,13,700000000000000.0,1
528631988,14,650000000000000.0,1
528631988,15,630000000000000.0,1
528631988,16,610000000000000.0,1
528631988,17,600000000000000.0,1
528631988,18,550000000000000.0,0
528631988,19,570000000000000.0,1
528631988,20,560000000000000.0,0
528631988,21,570000000000000.0,0
528631988,22,580000000000000.0,0
528631988,23,590000000000000.0,0
528631988,24,600000000000000.0,0
528631988,25,610000000000000.0,0
528631988,26,620000000000000.0,1
528631988,27,620000000000000.0,1
528631988,28,620000000000000.0,1
528631988,29,620000000000000.0,1
528631988,30,620000000000000.0,1
528631988,31,160000000000000.0,0
528631988,32,140000000000000.0,0
528631988,33,120000000000000.0,0
528631988,34,100000000000000.0,0
528631988,35,80000000000000.0,0
528631988,36,60000000000000.0,0
528631988,37,50000000000000.0,0
528631988,39,50000000000000.0,0
528631988,40,70000000000000.0,0
528631988,41,90000000000000.0,1
528631988,42,110000000000000.0,1
528631988,43,130000000000000.0,1
528631988,44,150000000000000.0,2
528631988,45,170000000000000.0,2
528631988,48,230000000000000.0,3
528631988,49,80000000000000.0,0
528631988,50,90000000000000.0,0
528631988,51,100000000000000.0,1
528631988,52,100000000000000.0,1
528631988,53,100000000000000.0,1
528631988,54,100000000000000.0,1
528631988,55,231750000000000.0,0
528631988,56,235750000000000.0,0
528631988,57,231750000000000.0,0
528631988,58,235750000000000.0,0
528631988,60,400000000000000.0,0
528631988,61,400000000000000.0,0
528631988,64,50000000000000.0,0
528601797,4,800000000000000.0,0
528601797,5,800000000000000.0,0
528601797,6,800000000000000.0,0
528601797,7,100000000000000.0,0
528601797,8,200000000000000.0,0
528601797,9,300000000000000.0,0
528601797,10,400000000000000.0,0
528601797,11,499999969482421.9,0
528601797,12,600000000000000.0,0
528601797,13,700000000000000.0,0
528601797,14,800000000000000.0,0
528601797,15,900000000000000.0,0
528601797,16,999999938964843.8,0
528601797,17,1100000000000000.0,0
528601797,18,1200000000000000.0,0
528601797,19,1300000000000000.0,0
528601797,20,1400000000000000.0,0
528601797,21,1500000000000000.0,0
528601797,22,1600000000000000.0,0
528601797,23,1700000000000000.0,1
528601797,24,1650000000000000.0,0
528601797,25,1670000000000000.0,0
528601797,26,1690000000000000.0,0
528601797,27,1700000000000000.0,0
528601797,28,1710000000000000.0,0
528601797,29,1750000000000000.0,1
528601797,30,1730000000000000.0,0
528601797,31,1740000000000000.0,1
528601797,32,1740000000000000.0,0
528601797,33,1750000000000000.0,0
528601797,34,1750000000000000.0,1
528601797,35,1750000000000000.0,0
528601797,36,1760000000000000.0,0
528601797,37,1770000000000000.0,0
528601797,38,1780000000000000.0,1
528601797,39,1780000000000000.0,0
528601797,40,1790000000000000.0,0
528601797,41,1800000000000000.0,0
528601797,42,1810000000000000.0,1
528601797,43,1810000000000000.0,1
528601797,44,1810000000000000.0,1
528601797,45,1810000000000000.0,1
528601797,46,1810000000000000.0,1
528601797,47,160000000000000.0,0
528601797,48,140000000000000.0,0
528601797,49,120000000000000.0,0
528601797,50,100000000000000.0,0
528601797,51,80000000000000.0,0
528601797,52,60000000000000.0,0
528601797,53,50000000000000.0,0
528601797,54,50000000000000.0,0
528601797,55,50000000000000.0,0
528601797,56,70000000000000.0,0
528601797,57,90000000000000.0,0
528601797,58,110000000000000.0,0
528601797,59,130000000000000.0,0
528601797,60,150000000000000.0,0
528601797,61,170000000000000.0,1
528601797,62,190000000000000.0,3
528601797,63,210000000000000.0,4
528601797,64,230000000000000.0,6
528601797,65,249999984741210.94,8
528601797,66,270000000000000.0,8
528601797,67,290000000000000.0,10
528601797,68,310000000000000.0,11
528601797,69,160000000000000.0,0
528601797,70,170000000000000.0,1
528601797,72,170000000000000.0,1
528601797,73,170000000000000.0,1
528601797,75,400000000000000.0,0
528601797,76,400000000000000.0,0
528601797,79,50000000000000.0,0
488400701,4,800000000000000.0,0
488400701,5,800000000000000.0,0
488400701,6,800000000000000.0,0
488400701,8,200000000000000.0,0
488400701,9,300000000000000.0,0
488400701,10,400000000000000.0,0
488400701,11,499999969482421.9,1
488400701,12,419999969482421.9,0
488400701,13,440000000000000.0,0
488400701,14,460000000000000.0,0
488400701,15,480000030517578.1,0
488400701,16,509999969482421.9,1
488400701,17,509999969482421.9,1
488400701,18,509999969482421.9,1
488400701,19,509999969482421.9,1
488400701,20,509999969482421.9,1
488400701,21,509999969482421.9,1
488400701,22,160000000000000.0,0
488400701,23,140000000000000.0,0
488400701,24,120000000000000.0,0
488400701,25,100000000000000.0,0
488400701,26,80000000000000.0,0
488400701,27,60000000000000.0,0
488400701,28,50000000000000.0,0
488400701,29,50000000000000.0,0
488400701,30,50000000000000.0,0
488400701,31,70000000000000.0,5
488400701,32,90000000000000.0,10
488400701,33,110000000000000.0,13
488400701,34,130000000000000.0,17
488400701,35,150000000000000.0,19
488400701,36,170000000000000.0,21
488400701,40,80000000000000.0,6
488400701,41,80000000000000.0,6
488400701,42,80000000000000.0,6
488400701,43,185375000000000.0,0
488400701,44,188625000000000.0,0
488400701,45,185375000000000.0,0
488400701,46,188625000000000.0,0
488400701,47,185375000000000.0,0
488400701,48,188625000000000.0,0
488400701,49,185375000000000.0,0
488400701,50,188625000000000.0,0
488400701,52,400000000000000.0,0
488400701,53,400000000000000.0,0
488400701,56,50000000000000.0,0
508413678,4,800000000000000.0,0
508413678,5,800000000000000.0,0
508413678,6,800000000000000.0,0
508413678,7,100000000000000.0,0
508413678,8,100000000000000.0,0
508413678,9,200000000000000.0,0
508413678,10,300000000000000.0,0
508413678,11,400000000000000.0,0
508413678,12,499999969482421.9,0
508413678,13,600000000000000.0,0
508413678,14,700000000000000.0,0
508413678,15,800000000000000.0,0
508413678,16,900000000000000.0,0
508413678,17,999999938964843.8,0
508413678,18,1100000000000000.0,0
508413678,19,1200000000000000.0,0
508413678,20,1300000000000000.0,1
508413678,21,1250000000000000.0,0
508413678,22,1270000000000000.0,1
508413678,23,1260000000000000.0,1
508413678,24,1260000000000000.0,0
508413678,25,1260000000000000.0,0
508413678,26,1260000000000000.0,1
508413678,27,1260000000000000.0,1
508413678,28,160000000000000.0,0
508413678,29,140000000000000.0,0
508413678,30,120000000000000.0,0
508413678,31,100000000000000.0,0
508413678,34,50000000000000.0,0
508413678,35,50000000000000.0,0
508413678,36,50000000000000.0,0
508413678,37,70000000000000.0,0
508413678,38,90000000000000.0,0
508413678,39,110000000000000.0,0
508413678,40,130000000000000.0,0
508413678,41,150000000000000.0,1
508413678,43,190000000000000.0,3
508413678,44,210000000000000.0,4
508413678,45,230000000000000.0,5
508413678,47,270000000000000.0,7
508413678,48,290000000000000.0,8
508413678,49,150000000000000.0,0
508413678,50,170000000000000.0,1
508413678,53,170000000000000.0,1
508413678,57,400750000000000.0,0
508413678,58,394000000000000.0,0
508413678,59,400750000000000.0,0
508413678,61,400750000000000.0,0
508413678,63,400000000000000.0,0
508413678,64,400000000000000.0,0
508413678,65,1300000000000000.0,0
508413678,66,1400000000000000.0,0
508413678,67,1500000000000000.0,0
508413678,68,1600000000000000.0,0
508413678,69,1700000000000000.0,1
508413678,70,1650000000000000.0,0
508413678,71,1670000000000000.0,1
508413678,72,1670000000000000.0,0
508413678,73,1670000000000000.0,0
508413678,74,1670000000000000.0,0
508413678,75,1670000000000000.0,0
508413678,76,1670000000000000.0,0
508413678,77,1670000000000000.0,0
508413678,78,1670000000000000.0,0
508413678,79,1670000000000000.0,0
508413678,80,1670000000000000.0,0
508413678,81,1670000000000000.0,0
508413678,82,1670000000000000.0,0
508413678,83,1670000000000000.0,0
508413678,84,1670000000000000.0,0
508413678,85,1670000000000000.0,0
508413678,86,1670000000000000.0,0
508413678,87,1670000000000000.0,0
508413678,88,1670000000000000.0,0
508413678,89,1670000000000000.0,0
508413678,90,1670000000000000.0,0
508413678,91,1670000000000000.0,0
508413678,92,1670000000000000.0,0
508413678,101,50000000000000.0,0
529908238,4,800000000000000.0,0
529908238,5,800000000000000.0,0
529908238,6,800000000000000.0,0
529908238,7,100000000000000.0,0
529908238,8,200000000000000.0,0
529908238,9,300000000000000.0,0
529908238,10,400000000000000.0,0
529908238,11,499999969482421.9,0
529908238,12,600000000000000.0,0
529908238,13,700000000000000.0,0
529908238,14,800000000000000.0,0
529908238,15,900000000000000.0,0
529908238,16,999999938964843.8,0
529908238,17,1100000000000000.0,0
529908238,18,1200000000000000.0,0
529908238,19,1300000000000000.0,0
529908238,20,1400000000000000.0,0
529908238,21,1500000000000000.0,0
529908238,22,1600000000000000.0,0
529908238,23,1700000000000000.0,1
529908238,24,1650000000000000.0,0
529908238,25,1670000000000000.0,0
529908238,26,1690000000000000.0,0
529908238,27,1710000000000000.0,0
529908238,28,1730000000000000.0,0
529908238,29,1750000000000000.0,0
529908238,30,1770000000000000.0,1
529908238,31,1760000000000000.0,1
529908238,32,1760000000000000.0,1
529908238,33,1760000000000000.0,1
529908238,34,1760000000000000.0,1
529908238,35,1760000000000000.0,0
529908238,36,1760000000000000.0,0
529908238,37,1760000000000000.0,0
529908238,38,1770000000000000.0,0
529908238,39,1790000000000000.0,0
529908238,40,1810000000000000.0,1
529908238,41,1810000000000000.0,1
529908238,42,1810000000000000.0,1
529908238,43,1810000000000000.0,1
529908238,44,1810000000000000.0,1
529908238,45,160000000000000.0,0
529908238,46,140000000000000.0,0
529908238,47,120000000000000.0,0
529908238,48,100000000000000.0,0
529908238,49,80000000000000.0,0
529908238,50,60000000000000.0,0
529908238,51,50000000000000.0,0
529908238,52,50000000000000.0,0
529908238,53,50000000000000.0,0
529908238,54,70000000000000.0,0
529908238,55,90000000000000.0,0
529908238,56,110000000000000.0,0
529908238,57,130000000000000.0,0
529908238,58,150000000000000.0,0
529908238,59,170000000000000.0,0
529908238,60,190000000000000.0,0
529908238,61,210000000000000.0,1
529908238,62,230000000000000.0,1
529908238,63,249999984741210.94,2
529908238,64,270000000000000.0,3
529908238,65,290000000000000.0,6
529908238,66,310000000000000.0,7
529908238,67,330000000000000.0,9
529908238,68,350000000000000.0,10
529908238,69,200000000000000.0,0
529908238,70,210000000000000.0,1
529908238,71,210000000000000.0,1
529908238,72,210000000000000.0,1
529908238,73,210000000000000.0,1
529908238,76,486749969482421.9,0
529908238,77,495125000000000.0,0
529908238,78,486749969482421.9,0
529908238,79,495125000000000.0,0
529908238,80,486749969482421.9,0
529908238,83,400000000000000.0,0
529908238,84,400000000000000.0,0
529908238,85,210000000000000.0,0
529908238,86,220000000000000.0,1
529908238,87,220000000000000.0,0
529908238,88,230000000000000.0,1
529908238,89,230000000000000.0,1
529908238,90,230000000000000.0,1
529908238,91,230000000000000.0,1
529908238,92,270000000000000.0,2
529908238,93,270000000000000.0,1
529908238,94,270000000000000.0,1
529908238,95,270000000000000.0,2
529908238,96,310000000000000.0,3
529908238,97,310000000000000.0,3
529908238,98,310000000000000.0,3
529908238,99,310000000000000.0,2
529908238,102,50000000000000.0,0
531526662,4,800000000000000.0,0
531526662,5,800000000000000.0,0
531526662,6,800000000000000.0,0
531526662,7,100000000000000.0,0
531526662,8,200000000000000.0,0
531526662,9,300000000000000.0,0
531526662,10,400000000000000.0,0
531526662,11,499999969482421.9,0
531526662,12,600000000000000.0,0
531526662,13,700000000000000.0,0
531526662,14,800000000000000.0,0
531526662,15,900000000000000.0,0
531526662,16,999999938964843.8,0
531526662,17,1100000000000000.0,0
531526662,18,1200000000000000.0,0
531526662,19,1300000000000000.0,0
531526662,20,1400000000000000.0,0
531526662,21,1500000000000000.0,0
531526662,22,1600000000000000.0,0
531526662,23,1700000000000000.0,0
531526662,24,1800000000000000.0,0
531526662,25,1899999877929687.5,0
531526662,26,1999999877929687.5,0
531526662,27,2100000000000000.0,0
531526662,28,2200000000000000.0,0
531526662,29,2300000000000000.0,0
531526662,30,2400000000000000.0,0
531526662,31,2500000000000000.0,0
531526662,32,2600000000000000.0,0
531526662,33,2700000000000000.0,0
531526662,34,2800000000000000.0,0
531526662,35,2900000000000000.0,0
531526662,36,3000000000000000.0,1
531526662,37,2950000000000000.0,0
531526662,38,2990000000000000.0,0
531526662,39,3010000000000000.0,0
531526662,40,3050000000000000.0,1
531526662,41,3040000000000000.0,0
531526662,42,3050000000000000.0,0
531526662,43,3070000000000000.0,0
531526662,44,3100000000000000.0,1
531526662,45,3100000000000000.0,1
531526662,46,3100000000000000.0,1
531526662,47,3100000000000000.0,0
531526662,48,3100000000000000.0,0
531526662,49,3150000000000000.0,1
531526662,50,3150000000000000.0,0
531526662,51,3150000000000000.0,0
531526662,52,3200000000000000.0,0
531526662,53,3300000000000000.0,1
531526662,54,3300000000000000.0,1
531526662,55,3300000000000000.0,1
531526662,56,3300000000000000.0,1
531526662,57,3300000000000000.0,1
531526662,58,160000000000000.0,0
531526662,59,140000000000000.0,0
531526662,60,120000000000000.0,0
531526662,61,100000000000000.0,0
531526662,62,80000000000000.0,0
531526662,63,60000000000000.0,0
531526662,64,50000000000000.0,0
531526662,65,50000000000000.0,0
531526662,66,50000000000000.0,0
531526662,67,70000000000000.0,0
531526662,68,90000000000000.0,0
531526662,69,110000000000000.0,0
531526662,70,130000000000000.0,0
531526662,71,150000000000000.0,0
531526662,72,170000000000000.0,0
531526662,73,190000000000000.0,0
531526662,74,210000000000000.0,0
531526662,75,230000000000000.0,0
531526662,76,249999984741210.94,0
531526662,77,270000000000000.0,0
531526662,78,290000000000000.0,0
531526662,79,310000000000000.0,0
531526662,80,330000000000000.0,0
531526662,81,350000000000000.0,0
531526662,82,370000000000000.0,0
531526662,83,390000000000000.0,0
531526662,84,410000000000000.0,0
531526662,85,430000000000000.0,0
531526662,86,450000000000000.0,0
531526662,87,469999969482421.9,0
531526662,88,489999969482421.9,0
531526662,89,509999969482421.9,0
531526662,90,530000000000000.0,0
531526662,91,550000000000000.0,0
531526662,92,570000000000000.0,0
531526662,93,590000000000000.0,0
531526662,94,610000000000000.0,0
531526662,95,630000000000000.0,0
531526662,96,650000000000000.0,1
531526662,97,670000000000000.0,1
531526662,98,690000000000000.0,1
531526662,99,710000000000000.0,2
531526662,100,730000000000000.0,2
531526662,101,750000000000000.0,2
531526662,102,770000000000000.0,2
531526662,103,790000000000000.0,2
531526662,104,660000000000000.0,0
531526662,105,690000000000000.0,0
531526662,106,710000000000000.0,0
531526662,107,750000000000000.0,0
531526662,108,770000000000000.0,1
531526662,109,770000000000000.0,1
531526662,110,770000000000000.0,0
531526662,111,790000000000000.0,1
531526662,112,790000000000000.0,1
531526662,113,790000000000000.0,1
531526662,114,790000000000000.0,1
531526662,115,1831250000000000.0,0
531526662,116,1862500000000000.0,0
531526662,117,1831250000000000.0,0
531526662,118,1862500000000000.0,0
531526662,119,1831250000000000.0,0
531526662,120,1862500000000000.0,0
531526662,121,1831250000000000.0,0
531526662,122,1862500000000000.0,0
531526662,124,400000000000000.0,0
531526662,125,400000000000000.0,0
531526662,128,50000000000000.0,0
508410761,4,800000000000000.0,0
508410761,5,800000000000000.0,0
508410761,6,800000000000000.0,0
508410761,7,100000000000000.0,0
508410761,8,200000000000000.0,0
508410761,9,300000000000000.0,0
508410761,10,400000000000000.0,0
508410761,11,499999969482421.9,0
508410761,12,600000000000000.0,0
508410761,13,700000000000000.0,0
508410761,14,800000000000000.0,0
508410761,15,900000000000000.0,0
508410761,16,999999938964843.8,0
508410761,17,1100000000000000.0,0
508410761,18,1200000000000000.0,0
508410761,19,1300000000000000.0,0
508410761,20,1400000000000000.0,0
508410761,21,1500000000000000.0,0
508410761,22,1600000000000000.0,0
508410761,23,1700000000000000.0,2
508410761,24,1650000000000000.0,0
508410761,25,1670000000000000.0,0
508410761,26,1690000000000000.0,0
508410761,27,1750000000000000.0,0
508410761,28,1790000000000000.0,2
508410761,29,1770000000000000.0,2
508410761,30,1760000000000000.0,2
508410761,31,1760000000000000.0,2
508410761,32,1760000000000000.0,2
508410761,33,1760000000000000.0,2
508410761,34,1760000000000000.0,2
508410761,35,160000000000000.0,0
508410761,36,140000000000000.0,0
508410761,37,120000000000000.0,0
508410761,38,100000000000000.0,0
508410761,39,80000000000000.0,0
508410761,40,60000000000000.0,0
508410761,41,50000000000000.0,0
508410761,42,50000000000000.0,0
508410761,43,50000000000000.0,0
508410761,44,70000000000000.0,0
508410761,45,90000000000000.0,0
508410761,46,110000000000000.0,0
508410761,47,130000000000000.0,0
508410761,48,150000000000000.0,0
508410761,49,170000000000000.0,0
508410761,50,190000000000000.0,0
508410761,51,210000000000000.0,1
508410761,52,230000000000000.0,2
508410761,53,249999984741210.94,2
508410761,55,290000000000000.0,2
508410761,56,310000000000000.0,2
508410761,57,330000000000000.0,2
508410761,58,350000000000000.0,2
508410761,59,210000000000000.0,1
508410761,60,200000000000000.0,0
508410761,61,210000000000000.0,1
508410761,62,210000000000000.0,1
508410761,63,210000000000000.0,1
508410761,64,210000000000000.0,1
508410761,65,486749969482421.9,0
508410761,66,495125000000000.0,0
508410761,67,486749969482421.9,0
508410761,68,495125000000000.0,0
508410761,70,495125000000000.0,0
508410761,74,400000000000000.0,0
508410761,75,400000000000000.0,0
508410761,78,50000000000000.0,0
530062268,4,800000000000000.0,0
530062268,5,800000000000000.0,0
530062268,6,800000000000000.0,0
530062268,7,100000000000000.0,0
530062268,9,300000000000000.0,0
530062268,10,400000000000000.0,0
530062268,11,499999969482421.9,1
530062268,12,450000000000000.0,1
530062268,16,450000000000000.0,0
530062268,18,450000000000000.0,0
530062268,20,460000000000000.0,0
530062268,21,460000000000000.0,1
530062268,23,460000000000000.0,1
530062268,25,140000000000000.0,0
530062268,26,120000000000000.0,0
530062268,27,100000000000000.0,0
530062268,29,60000000000000.0,0
530062268,31,50000000000000.0,1
530062268,32,50000000000000.0,4
530062268,33,70000000000000.0,9
530062268,34,90000000000000.0,12
530062268,36,130000000000000.0,18
530062268,37,150000000000000.0,21
530062268,39,50000000000000.0,0
530062268,41,50000000000000.0,2
530062268,42,50000000000000.0,1
530062268,44,92500000000000.0,0
530062268,45,94375000000000.0,0
530062268,46,92500000000000.0,0
530062268,47,94375000000000.0,0
530062268,48,92500000000000.0,0
530062268,49,94375000000000.0,0
530062268,51,94375000000000.0,0
530062268,53,400000000000000.0,0
530062268,55,50000000000000.0,0
530062268,56,50000000000000.0,1
530062268,57,50000000000000.0,1
530062268,59,80000000000000.0,10
530062268,61,80000000000000.0,9
530062268,63,119999992370605.47,16
530062268,65,119999992370605.47,15
530062268,66,119999992370605.47,16
530062268,67,460000000000000.0,0
530062268,68,469999969482421.9,0
530062268,70,469999969482421.9,0
530062268,71,469999969482421.9,0
530062268,73,469999969482421.9,0
530062268,74,469999969482421.9,0
530062268,75,469999969482421.9,0
530062268,76,469999969482421.9,0
530062268,77,469999969482421.9,0
530062268,78,469999969482421.9,0
530062268,82,469999969482421.9,0
530062268,83,469999969482421.9,0
530062268,84,469999969482421.9,0
530062268,85,469999969482421.9,0
530062268,87,469999969482421.9,0
530062268,88,469999969482421.9,0
530062268,89,171875000000000.0,0
530062268,90,171875000000000.0,0
530062268,91,171875000000000.0,0
530062268,92,100000000000000.0,0
530062268,94,300000000000000.0,0
530062268,95,400000000000000.0,0
530062268,96,499999969482421.9,0
530062268,97,600000000000000.0,0
530062268,98,700000000000000.0,0
530062268,99,800000000000000.0,1
530062268,100,750000000000000.0,0
530062268,101,770000000000000.0,0
530062268,103,780000000000000.0,1
530062268,104,780000000000000.0,1
530062268,105,780000000000000.0,0
530062268,106,780000000000000.0,0
530062268,107,780000000000000.0,0
530062268,110,790000000000000.0,1
530062268,115,300000000000000.0,0
530062268,117,499999969482421.9,0
530062268,124,1050000000000000.0,1
530062268,125,1030000000000000.0,1
530062268,126,1009999938964843.8,0
530062268,127,1019999938964843.8,0
530062268,128,1030000000000000.0,1
530062268,135,1050000000000000.0,1
530062268,137,1050000000000000.0,0
530062268,138,1050000000000000.0,0
530062268,139,1050000000000000.0,1
530062268,142,50000000000000.0,0
537307503,4,800000000000000.0,0
537307503,5,800000000000000.0,0
537307503,6,800000000000000.0,0
537307503,7,100000000000000.0,0
537307503,8,200000000000000.0,0
537307503,9,300000000000000.0,0
537307503,10,400000000000000.0,0
537307503,11,499999969482421.9,0
537307503,12,600000000000000.0,0
537307503,13,700000000000000.0,0
537307503,14,800000000000000.0,0
537307503,15,900000000000000.0,0
537307503,16,999999938964843.8,0
537307503,17,1100000000000000.0,0
537307503,18,1200000000000000.0,0
537307503,19,1300000000000000.0,0
537307503,20,1400000000000000.0,0
537307503,21,1500000000000000.0,0
537307503,22,1600000000000000.0,0
537307503,23,1700000000000000.0,0
537307503,24,1800000000000000.0,0
537307503,25,1899999877929687.5,0
537307503,26,1999999877929687.5,1
537307503,27,1949999877929687.5,0
537307503,28,1969999877929687.5,0
537307503,29,1989999877929687.5,0
537307503,30,2009999877929687.5,0
537307503,31,2100000000000000.0,1
537307503,32,2050000000000000.0,0
537307503,33,2070000000000000.0,1
537307503,34,2070000000000000.0,1
537307503,35,2070000000000000.0,0
537307503,36,2070000000000000.0,0
537307503,37,2090000000000000.0,1
537307503,38,2090000000000000.0,1
537307503,39,2090000000000000.0,1
537307503,40,2090000000000000.0,1
537307503,41,2090000000000000.0,1
537307503,42,2080000000000000.0,1
537307503,43,2080000000000000.0,1
537307503,44,2080000000000000.0,1
537307503,45,2080000000000000.0,1
537307503,46,2080000000000000.0,1
537307503,47,160000000000000.0,0
537307503,48,140000000000000.0,0
537307503,49,120000000000000.0,0
537307503,50,100000000000000.0,0
537307503,51,80000000000000.0,0
537307503,52,60000000000000.0,0
537307503,53,50000000000000.0,0
537307503,54,50000000000000.0,0
537307503,55,50000000000000.0,0
537307503,56,70000000000000.0,0
537307503,57,90000000000000.0,0
537307503,58,110000000000000.0,0
537307503,59,130000000000000.0,0
537307503,60,150000000000000.0,0
537307503,61,170000000000000.0,0
537307503,62,190000000000000.0,0
537307503,63,210000000000000.0,0
537307503,64,230000000000000.0,0
537307503,65,249999984741210.94,0
537307503,66,270000000000000.0,0
537307503,67,290000000000000.0,0
537307503,68,310000000000000.0,0
537307503,69,330000000000000.0,0
537307503,70,350000000000000.0,1
537307503,71,370000000000000.0,2
537307503,72,390000000000000.0,2
537307503,73,410000000000000.0,2
537307503,74,430000000000000.0,2
537307503,75,450000000000000.0,2
537307503,76,469999969482421.9,2
537307503,77,489999969482421.9,2
537307503,78,340000000000000.0,0
537307503,79,350000000000000.0,1
537307503,80,350000000000000.0,1
537307503,81,350000000000000.0,1
537307503,82,350000000000000.0,1
537307503,83,811250000000000.0,0
537307503,84,825125000000000.0,0
537307503,85,811250000000000.0,0
537307503,86,825125000000000.0,0
537307503,87,811250000000000.0,0
537307503,88,825125000000000.0,0
537307503,89,811250000000000.0,0
537307503,90,825125000000000.0,0
537307503,92,400000000000000.0,0
537307503,93,400000000000000.0,0
537307503,94,350000000000000.0,2
537307503,95,350000000000000.0,2
537307503,96,350000000000000.0,2
537307503,102,50000000000000.0,0
508285405,4,800000000000000.0,0
508285405,5,800000000000000.0,0
508285405,6,800000000000000.0,0
508285405,7,100000000000000.0,0
508285405,8,200000000000000.0,0
508285405,9,300000000000000.0,0
508285405,10,400000000000000.0,0
508285405,11,499999969482421.9,0
508285405,12,600000000000000.0,0
508285405,13,700000000000000.0,0
508285405,14,800000000000000.0,0
508285405,15,900000000000000.0,0
508285405,16,999999938964843.8,0
508285405,17,1100000000000000.0,0
508285405,18,1200000000000000.0,0
508285405,19,1300000000000000.0,0
508285405,20,1400000000000000.0,0
508285405,21,1500000000000000.0,0
508285405,22,1600000000000000.0,0
508285405,23,1700000000000000.0,0
508285405,24,1800000000000000.0,0
508285405,25,1899999877929687.5,0
508285405,26,1999999877929687.5,0
508285405,27,2100000000000000.0,0
508285405,28,2200000000000000.0,0
508285405,29,2300000000000000.0,0
508285405,30,2400000000000000.0,0
508285405,31,2500000000000000.0,1
508285405,32,2450000000000000.0,0
508285405,33,2470000000000000.0,0
508285405,34,2480000000000000.0,1
508285405,35,2480000000000000.0,1
508285405,36,2480000000000000.0,1
508285405,37,2480000000000000.0,1
508285405,38,2480000000000000.0,0
508285405,39,160000000000000.0,0
508285405,40,140000000000000.0,0
508285405,41,120000000000000.0,0
508285405,42,100000000000000.0,0
508285405,43,80000000000000.0,0
508285405,44,60000000000000.0,0
508285405,45,50000000000000.0,0
508285405,46,50000000000000.0,0
508285405,47,50000000000000.0,0
508285405,48,70000000000000.0,0
508285405,49,90000000000000.0,0
508285405,50,110000000000000.0,0
508285405,51,130000000000000.0,0
508285405,52,150000000000000.0,0
508285405,53,170000000000000.0,0
508285405,54,190000000000000.0,0
508285405,55,210000000000000.0,0
508285405,57,249999984741210.94,0
508285405,58,270000000000000.0,0
508285405,59,290000000000000.0,0
508285405,60,310000000000000.0,0
508285405,61,330000000000000.0,1
508285405,62,350000000000000.0,1
508285405,63,370000000000000.0,1
508285405,64,390000000000000.0,2
508285405,66,430000000000000.0,2
508285405,67,450000000000000.0,2
508285405,74,370000000000000.0,1
508285405,75,370000000000000.0,1
508285405,76,370000000000000.0,0
508285405,77,370000000000000.0,0
508285405,82,857624938964843.8,0
508285405,83,872375000000000.0,0
508285405,84,857624938964843.8,0
508285405,85,872375000000000.0,0
508285405,87,400000000000000.0,0
508285405,88,400000000000000.0,0
508285405,100,430000000000000.0,1
508285405,101,430000000000000.0,0
508285405,102,430000000000000.0,0
508285405,103,430000000000000.0,0
508285405,104,469999969482421.9,1
508285405,114,50000000000000.0,0
548473051,8,800000000000000.0,0
548473051,9,800000000000000.0,0
548473051,10,800000000000000.0,0
548473051,11,100000000000000.0,0
548473051,12,200000000000000.0,0
548473051,13,300000000000000.0,0
548473051,15,499999969482421.9,0
548473051,16,600000000000000.0,0
548473051,17,700000000000000.0,0
548473051,18,800000000000000.0,0
548473051,19,900000000000000.0,0
548473051,20,999999938964843.8,0
548473051,21,1100000000000000.0,0
548473051,22,1200000000000000.0,0
548473051,23,1300000000000000.0,0
548473051,24,1400000000000000.0,0
548473051,25,1500000000000000.0,2
548473051,26,1450000000000000.0,0
548473051,27,1470000000000000.0,0
548473051,28,1490000000000000.0,0
548473051,29,1500000000000000.0,0
548473051,30,1530000000000000.0,2
548473051,31,1530000000000000.0,2
548473051,32,1530000000000000.0,2
548473051,33,1530000000000000.0,2
548473051,34,1530000000000000.0,2
548473051,35,1520000000000000.0,0
548473051,36,160000000000000.0,0
548473051,37,140000000000000.0,0
548473051,38,120000000000000.0,0
548473051,39,100000000000000.0,0
548473051,40,80000000000000.0,0
548473051,41,60000000000000.0,0
548473051,42,50000000000000.0,0
548473051,43,50000000000000.0,0
548473051,44,50000000000000.0,0
548473051,45,70000000000000.0,0
548473051,46,90000000000000.0,0
548473051,47,110000000000000.0,0
548473051,48,130000000000000.0,0
548473051,49,150000000000000.0,0
548473051,50,170000000000000.0,0
548473051,51,190000000000000.0,0
548473051,52,210000000000000.0,0
548473051,53,230000000000000.0,2
548473051,54,249999984741210.94,2
548473051,55,270000000000000.0,2
548473051,56,290000000000000.0,3
548473051,57,310000000000000.0,3
548473051,58,330000000000000.0,3
548473051,59,350000000000000.0,3
548473051,60,370000000000000.0,3
548473051,61,220000000000000.0,0
548473051,62,230000000000000.0,2
548473051,63,230000000000000.0,2
548473051,64,230000000000000.0,2
548473051,65,230000000000000.0,1
548473051,66,230000000000000.0,2
548473051,67,270000000000000.0,2
548473051,68,270000000000000.0,2
548473051,69,533125000000000.0,0
548473051,70,542250000000000.0,0
548473051,71,533125000000000.0,0
548473051,72,542250000000000.0,0
548473051,73,533125000000000.0,0
548473051,74,542250000000000.0,0
548473051,75,533125000000000.0,0
548473051,76,542250000000000.0,0
548473051,78,400000000000000.0,0
548473051,79,400000000000000.0,0
548473051,80,230000000000000.0,0
548473051,81,239999984741210.94,0
548473051,82,249999984741210.94,2
548473051,83,249999984741210.94,2
548473051,84,249999984741210.94,2
548473051,85,249999984741210.94,2
548473051,86,290000000000000.0,2
548473051,87,290000000000000.0,2
548473051,88,290000000000000.0,2
548473051,89,290000000000000.0,2
548473051,90,330000000000000.0,2
548473051,91,330000000000000.0,3
548473051,92,330000000000000.0,2
548473051,93,330000000000000.0,2
548473051,94,1530000000000000.0,0
548473051,95,1570000000000000.0,0
548473051,96,1650000000000000.0,0
548473051,97,1700000000000000.0,0
548473051,98,1800000000000000.0,0
548473051,99,1899999877929687.5,0
548473051,100,1999999877929687.5,0
548473051,101,2100000000000000.0,2
548473051,102,2050000000000000.0,0
548473051,103,2070000000000000.0,2
548473051,104,2070000000000000.0,0
548473051,105,2080000000000000.0,0
548473051,106,2090000000000000.0,0
548473051,107,2130000000000000.0,2
548473051,108,2110000000000000.0,2
548473051,109,2100000000000000.0,0
548473051,110,2110000000000000.0,2
548473051,111,2110000000000000.0,0
548473051,112,2110000000000000.0,0
548473051,113,2110000000000000.0,0
548473051,114,2110000000000000.0,0
548473051,115,2110000000000000.0,0
548473051,116,2110000000000000.0,0
548473051,117,2110000000000000.0,0
548473051,118,2110000000000000.0,0
548473051,119,2110000000000000.0,0
548473051,120,2110000000000000.0,0
548473051,121,2110000000000000.0,0
548473051,122,2110000000000000.0,0
548473051,123,2110000000000000.0,0
548473051,124,2110000000000000.0,0
548473051,125,2110000000000000.0,0
548473051,126,2110000000000000.0,0
548473051,127,2110000000000000.0,0
548473051,128,2110000000000000.0,0
548473051,129,2110000000000000.0,0
548473051,130,2110000000000000.0,0
548473051,131,2110000000000000.0,0
548473051,135,50000000000000.0,0
561464809,6,800000000000000.0,0
561464809,7,800000000000000.0,0
561464809,8,800000000000000.0,0
561464809,9,100000000000000.0,0
561464809,10,200000000000000.0,0
561464809,11,300000000000000.0,0
561464809,12,400000000000000.0,1
561464809,13,350000000000000.0,0
561464809,14,370000000000000.0,1
561464809,15,360000000000000.0,0
561464809,17,370000000000000.0,1
561464809,18,370000000000000.0,1
561464809,20,370000000000000.0,1
561464809,22,140000000000000.0,0
561464809,23,120000000000000.0,0
561464809,24,100000000000000.0,0
561464809,26,60000000000000.0,0
561464809,27,50000000000000.0,0
561464809,33,130000000000000.0,31
561464809,37,50000000000000.0,4
561464809,39,50000000000000.0,1
561464809,40,50000000000000.0,0
561464809,41,50000000000000.0,0
561464809,51,400000000000000.0,0
561464809,53,70000000000000.0,19
561464809,56,50000000000000.0,3
561464809,57,80000000000000.0,21
561464809,61,50000000000000.0,0
525018757,4,800000000000000.0,0
525018757,5,800000000000000.0,0
525018757,6,800000000000000.0,0
525018757,7,100000000000000.0,0
525018757,8,200000000000000.0,0
525018757,9,300000000000000.0,0
525018757,10,400000000000000.0,0
525018757,11,499999969482421.9,1
525018757,12,450000000000000.0,0
525018757,13,469999969482421.9,1
525018757,14,460000000000000.0,1
525018757,15,460000000000000.0,1
525018757,16,460000000000000.0,1
525018757,17,460000000000000.0,1
525018757,18,460000000000000.0,1
525018757,19,160000000000000.0,0
525018757,21,120000000000000.0,0
525018757,22,100000000000000.0,0
525018757,23,80000000000000.0,0
525018757,25,50000000000000.0,0
525018757,26,50000000000000.0,0
525018757,27,50000000000000.0,0
525018757,28,70000000000000.0,3
525018757,29,90000000000000.0,8
525018757,30,110000000000000.0,15
525018757,31,130000000000000.0,19
525018757,32,150000000000000.0,21
525018757,33,170000000000000.0,26
525018757,34,190000000000000.0,30
525018757,35,210000000000000.0,32
525018757,36,59999996185302.734,0
525018757,37,50000000000000.0,0
525018757,38,70000000000000.0,4
525018757,39,70000000000000.0,4
525018757,40,70000000000000.0,4
525018757,41,70000000000000.0,3
525018757,42,162250000000000.0,0
525018757,43,165000000000000.0,0
525018757,44,162250000000000.0,0
525018757,45,165000000000000.0,0
525018757,46,162250000000000.0,0
525018757,47,165000000000000.0,0
525018757,48,162250000000000.0,0
525018757,49,165000000000000.0,0
525018757,51,400000000000000.0,0
525018757,55,50000000000000.0,0
569101823,7,800000000000000.0,0
569101823,8,800000000000000.0,0
569101823,9,800000000000000.0,0
569101823,10,100000000000000.0,0
569101823,11,200000000000000.0,0
569101823,12,300000000000000.0,0
569101823,13,400000000000000.0,0
569101823,14,499999969482421.9,0
569101823,15,600000000000000.0,0
569101823,16,700000000000000.0,0
569101823,17,800000000000000.0,0
569101823,18,900000000000000.0,0
569101823,19,999999938964843.8,0
569101823,20,1100000000000000.0,0
569101823,21,1200000000000000.0,0
569101823,22,1300000000000000.0,0
569101823,23,1400000000000000.0,1
569101823,24,1350000000000000.0,0
569101823,25,1370000000000000.0,1
569101823,26,1360000000000000.0,1
569101823,27,1360000000000000.0,0
569101823,28,1360000000000000.0,1
569101823,29,1360000000000000.0,1
569101823,30,1360000000000000.0,1
569101823,31,1360000000000000.0,1
569101823,32,1360000000000000.0,0
569101823,33,1360000000000000.0,0
569101823,34,1360000000000000.0,0
569101823,35,1360000000000000.0,1
569101823,36,1360000000000000.0,1
569101823,37,160000000000000.0,0
569101823,38,140000000000000.0,0
569101823,39,120000000000000.0,0
569101823,40,100000000000000.0,0
569101823,41,80000000000000.0,0
569101823,42,60000000000000.0,0
569101823,43,50000000000000.0,0
569101823,44,50000000000000.0,0
569101823,45,50000000000000.0,0
569101823,46,70000000000000.0,0
569101823,47,90000000000000.0,0
569101823,48,110000000000000.0,0
569101823,49,130000000000000.0,0
569101823,50,150000000000000.0,0
569101823,51,170000000000000.0,0
569101823,52,190000000000000.0,0
569101823,53,210000000000000.0,0
569101823,54,230000000000000.0,0
569101823,55,249999984741210.94,1
569101823,56,270000000000000.0,3
569101823,57,290000000000000.0,6
569101823,58,310000000000000.0,9
569101823,59,330000000000000.0,12
569101823,60,350000000000000.0,14
569101823,61,370000000000000.0,16
569101823,62,390000000000000.0,18
569101823,63,239999984741210.94,0
569101823,64,249999984741210.94,1
569101823,65,249999984741210.94,1
569101823,66,249999984741210.94,1
569101823,67,249999984741210.94,1
569101823,68,249999984741210.94,1
569101823,69,290000000000000.0,6
569101823,70,290000000000000.0,6
569101823,71,579500000000000.0,0
569101823,72,589375000000000.0,0
569101823,73,579500000000000.0,0
569101823,74,589375000000000.0,0
569101823,76,400000000000000.0,0
569101823,77,400000000000000.0,0
569101823,78,400000000000000.0,0
569101823,79,400000000000000.0,0
569101823,80,400000000000000.0,0
569101823,81,400000000000000.0,0
569101823,82,400000000000000.0,0
569101823,83,400000000000000.0,0
569101823,84,400000000000000.0,0
569101823,85,400000000000000.0,0
569101823,90,50000000000000.0,0
571435969,6,800000000000000.0,0
571435969,7,800000000000000.0,0
571435969,8,800000000000000.0,0
571435969,9,100000000000000.0,0
571435969,10,200000000000000.0,0
571435969,11,300000000000000.0,0
571435969,12,400000000000000.0,1
571435969,13,350000000000000.0,0
571435969,14,370000000000000.0,0
571435969,15,380000000000000.0,0
571435969,16,390000000000000.0,1
571435969,17,390000000000000.0,1
571435969,18,390000000000000.0,1
571435969,19,390000000000000.0,1
571435969,23,120000000000000.0,0
571435969,24,100000000000000.0,0
571435969,25,80000000000000.0,0
571435969,26,60000000000000.0,0
571435969,27,50000000000000.0,0
571435969,28,50000000000000.0,1
571435969,29,50000000000000.0,4
571435969,30,70000000000000.0,9
571435969,31,90000000000000.0,10
571435969,32,110000000000000.0,14
571435969,33,130000000000000.0,17
571435969,34,150000000000000.0,21
571435969,35,170000000000000.0,24
571435969,36,50000000000000.0,0
571435969,37,50000000000000.0,0
571435969,38,50000000000000.0,1
571435969,39,50000000000000.0,1
571435969,40,50000000000000.0,1
571435969,41,50000000000000.0,1
571435969,42,80000000000000.0,7
571435969,43,80000000000000.0,6
571435969,44,80000000000000.0,8
571435969,45,80000000000000.0,8
571435969,46,119999992370605.47,13
571435969,47,119999992370605.47,13
571435969,48,92750000000000.0,0
571435969,49,94250000000000.0,0
571435969,50,92750000000000.0,0
571435969,51,94250000000000.0,0
571435969,53,400000000000000.0,0
571435969,54,400000000000000.0,0
571435969,55,400000000000000.0,0
571435969,56,400000000000000.0,0
571435969,57,400000000000000.0,0
571435969,58,400000000000000.0,0
571435969,59,400000000000000.0,0
571435969,60,400000000000000.0,0
571435969,61,400000000000000.0,0
571435969,62,400000000000000.0,0
571435969,65,50000000000000.0,0
548421866,6,800000000000000.0,0
548421866,7,800000000000000.0,0
548421866,8,800000000000000.0,0
548421866,9,100000000000000.0,0
548421866,10,200000000000000.0,0
548421866,11,300000000000000.0,0
548421866,12,400000000000000.0,0
548421866,13,499999969482421.9,0
548421866,14,600000000000000.0,0
548421866,15,700000000000000.0,0
548421866,16,800000000000000.0,0
548421866,17,900000000000000.0,0
548421866,18,999999938964843.8,1
548421866,19,949999938964843.8,0
548421866,20,969999938964843.8,0
548421866,21,979999938964843.8,0
548421866,22,989999938964843.8,0
548421866,23,999999938964843.8,0
548421866,24,1009999938964843.8,1
548421866,25,1009999938964843.8,0
548421866,27,1019999938964843.8,1
548421866,28,1019999938964843.8,0
548421866,29,1030000000000000.0,1
548421866,30,1030000000000000.0,0
548421866,31,1040000000000000.0,0
548421866,32,1050000000000000.0,0
548421866,33,1060000000000000.0,1
548421866,34,1060000000000000.0,1
548421866,35,1060000000000000.0,0
548421866,36,1060000000000000.0,0
548421866,37,1070000000000000.0,0
548421866,38,1080000000000000.0,1
548421866,39,1080000000000000.0,0
548421866,40,1090000000000000.0,1
548421866,41,1090000000000000.0,0
548421866,42,1100000000000000.0,1
548421866,43,1100000000000000.0,0
548421866,44,1110000000000000.0,0
548421866,45,1110000000000000.0,1
548421866,46,1120000000000000.0,1
548421866,47,1120000000000000.0,1
548421866,48,1120000000000000.0,1
548421866,49,1120000000000000.0,1
548421866,50,1120000000000000.0,1
548421866,51,160000000000000.0,0
548421866,52,140000000000000.0,0
548421866,54,100000000000000.0,0
548421866,55,80000000000000.0,0
548421866,56,60000000000000.0,0
548421866,57,50000000000000.0,0
548421866,58,50000000000000.0,0
548421866,59,50000000000000.0,0
548421866,60,70000000000000.0,0
548421866,61,90000000000000.0,0
548421866,62,110000000000000.0,0
548421866,63,130000000000000.0,0
548421866,65,170000000000000.0,1
548421866,66,190000000000000.0,1
548421866,67,210000000000000.0,2
548421866,68,230000000000000.0,2
548421866,69,249999984741210.94,3
548421866,70,270000000000000.0,4
548421866,72,310000000000000.0,5
548421866,73,160000000000000.0,0
548421866,74,170000000000000.0,1
548421866,75,170000000000000.0,1
548421866,76,170000000000000.0,1
548421866,77,170000000000000.0,1
548421866,79,400750000000000.0,0
548421866,80,394000000000000.0,0
548421866,81,400750000000000.0,0
548421866,82,394000000000000.0,0
548421866,87,400000000000000.0,0
548421866,88,400000000000000.0,0
548421866,91,50000000000000.0,0
539540199,5,800000000000000.0,0
539540199,6,800000000000000.0,0
539540199,7,800000000000000.0,0
539540199,8,100000000000000.0,0
539540199,9,200000000000000.0,0
539540199,10,300000000000000.0,0
539540199,11,400000000000000.0,0
539540199,12,499999969482421.9,0
539540199,13,600000000000000.0,0
539540199,14,700000000000000.0,0
539540199,15,800000000000000.0,0
539540199,16,900000000000000.0,0
539540199,17,999999938964843.8,1
539540199,18,949999938964843.8,0
539540199,19,969999938964843.8,0
539540199,20,989999938964843.8,0
539540199,21,1009999938964843.8,0
539540199,22,1040000000000000.0,0
539540199,23,1070000000000000.0,0
539540199,24,1100000000000000.0,1
539540199,25,1080000000000000.0,1
539540199,26,1080000000000000.0,1
539540199,27,1080000000000000.0,1
539540199,28,1080000000000000.0,1
539540199,29,1080000000000000.0,1
539540199,30,160000000000000.0,0
539540199,31,140000000000000.0,0
539540199,32,120000000000000.0,0
539540199,33,100000000000000.0,0
539540199,34,80000000000000.0,0
539540199,35,60000000000000.0,0
539540199,37,50000000000000.0,0
539540199,38,50000000000000.0,0
539540199,39,70000000000000.0,0
539540199,40,90000000000000.0,0
539540199,41,110000000000000.0,1
539540199,42,130000000000000.0,2
539540199,43,150000000000000.0,5
539540199,44,170000000000000.0,6
539540199,45,190000000000000.0,7
539540199,46,210000000000000.0,8
539540199,47,230000000000000.0,9
539540199,48,249999984741210.94,10
539540199,49,100000000000000.0,0
539540199,50,110000000000000.0,0
539540199,51,119999992370605.47,1
539540199,52,119999992370605.47,1
539540199,53,119999992370605.47,1
539540199,54,119999992370605.47,1
539540199,55,278125000000000.0,0
539540199,56,282875000000000.0,0
539540199,57,278125000000000.0,0
539540199,58,282875000000000.0,0
539540199,59,278125000000000.0,0
539540199,60,282875000000000.0,0
539540199,61,278125000000000.0,0
539540199,64,400000000000000.0,0
539540199,65,400000000000000.0,0
539540199,66,119999992370605.47,1
539540199,67,119999992370605.47,1
539540199,68,119999992370605.47,0
539540199,69,119999992370605.47,1
539540199,70,160000000000000.0,2
539540199,71,160000000000000.0,2
539540199,72,160000000000000.0,2
539540199,73,160000000000000.0,2
539540199,74,200000000000000.0,4
539540199,75,200000000000000.0,4
539540199,76,200000000000000.0,4
539540199,77,200000000000000.0,4
539540199,78,1080000000000000.0,0
539540199,79,1100000000000000.0,0
539540199,80,1120000000000000.0,0
539540199,81,1200000000000000.0,0
539540199,82,1300000000000000.0,0
539540199,83,1400000000000000.0,0
539540199,84,1500000000000000.0,1
539540199,85,1450000000000000.0,1
539540199,86,1430000000000000.0,1
539540199,87,1410000000000000.0,0
539540199,88,1420000000000000.0,1
539540199,89,1420000000000000.0,0
539540199,90,1420000000000000.0,0
539540199,91,1420000000000000.0,0
539540199,92,1420000000000000.0,0
539540199,93,1420000000000000.0,0
539540199,94,1420000000000000.0,0
539540199,95,1420000000000000.0,0
539540199,96,1420000000000000.0,0
539540199,97,1420000000000000.0,0
539540199,98,1420000000000000.0,0
539540199,99,1420000000000000.0,0
539540199,100,1420000000000000.0,0
539540199,101,1420000000000000.0,0
539540199,102,1420000000000000.0,0
539540199,103,1420000000000000.0,0
539540199,104,1420000000000000.0,0
539540199,105,1420000000000000.0,0
539540199,106,1420000000000000.0,0
539540199,107,1420000000000000.0,0
539540199,108,1420000000000000.0,0
539540199,109,1420000000000000.0,0
539540199,110,515375000000000.0,0
539540199,111,515375000000000.0,0
539540199,112,515375000000000.0,0
539540199,117,50000000000000.0,0
531529716,4,800000000000000.0,0
531529716,5,800000000000000.0,0
531529716,6,800000000000000.0,0
531529716,7,100000000000000.0,0
531529716,9,300000000000000.0,0
531529716,10,400000000000000.0,0
531529716,11,499999969482421.9,0
531529716,12,600000000000000.0,0
531529716,13,700000000000000.0,0
531529716,14,800000000000000.0,0
531529716,15,900000000000000.0,0
531529716,16,999999938964843.8,0
531529716,17,1100000000000000.0,0
531529716,18,1200000000000000.0,0
531529716,19,1300000000000000.0,0
531529716,20,1400000000000000.0,0
531529716,21,1500000000000000.0,0
531529716,22,1600000000000000.0,1
531529716,23,1550000000000000.0,0
531529716,24,1570000000000000.0,0
531529716,25,1590000000000000.0,0
531529716,26,1600000000000000.0,1
531529716,27,1600000000000000.0,1
531529716,28,1600000000000000.0,0
531529716,29,1600000000000000.0,0
531529716,30,1600000000000000.0,0
531529716,31,1600000000000000.0,0
531529716,32,1610000000000000.0,0
531529716,33,1620000000000000.0,0
531529716,34,1630000000000000.0,0
531529716,35,1640000000000000.0,0
531529716,36,1650000000000000.0,0
531529716,37,1660000000000000.0,0
531529716,38,1670000000000000.0,0
531529716,39,1700000000000000.0,0
531529716,40,1800000000000000.0,1
531529716,41,1750000000000000.0,1
531529716,42,1730000000000000.0,0
531529716,43,1740000000000000.0,0
531529716,44,1750000000000000.0,0
531529716,45,1760000000000000.0,0
531529716,46,1780000000000000.0,1
531529716,47,1780000000000000.0,1
531529716,48,1780000000000000.0,0
531529716,49,1780000000000000.0,0
531529716,50,1800000000000000.0,0
531529716,51,1830000000000000.0,0
531529716,52,1850000000000000.0,1
531529716,53,1850000000000000.0,1
531529716,54,1850000000000000.0,1
531529716,55,1850000000000000.0,1
531529716,56,1850000000000000.0,1
531529716,57,160000000000000.0,0
531529716,58,140000000000000.0,0
531529716,59,120000000000000.0,0
531529716,60,100000000000000.0,0
531529716,61,80000000000000.0,0
531529716,62,60000000000000.0,0
531529716,63,50000000000000.0,0
531529716,64,50000000000000.0,0
531529716,65,50000000000000.0,0
531529716,66,70000000000000.0,0
531529716,67,90000000000000.0,0
531529716,68,110000000000000.0,0
531529716,69,130000000000000.0,0
531529716,70,150000000000000.0,0
531529716,71,170000000000000.0,0
531529716,72,190000000000000.0,0
531529716,73,210000000000000.0,0
531529716,74,230000000000000.0,0
531529716,75,249999984741210.94,0
531529716,76,270000000000000.0,0
531529716,77,290000000000000.0,0
531529716,78,310000000000000.0,0
531529716,79,330000000000000.0,0
531529716,80,350000000000000.0,1
531529716,81,370000000000000.0,1
531529716,82,390000000000000.0,2
531529716,83,410000000000000.0,4
531529716,84,430000000000000.0,7
531529716,85,450000000000000.0,9
531529716,86,469999969482421.9,10
531529716,87,489999969482421.9,12
531529716,88,340000000000000.0,0
531529716,89,350000000000000.0,1
531529716,90,350000000000000.0,1
531529716,91,350000000000000.0,0
531529716,92,350000000000000.0,1
531529716,93,811250000000000.0,0
531529716,94,825125000000000.0,0
531529716,95,811250000000000.0,0
531529716,96,825125000000000.0,0
531529716,97,811250000000000.0,0
531529716,98,825125000000000.0,0
531529716,99,811250000000000.0,0
531529716,103,50000000000000.0,0
539563673,4,800000000000000.0,0
539563673,5,800000000000000.0,0
539563673,6,800000000000000.0,0
539563673,7,100000000000000.0,0
539563673,8,200000000000000.0,0
539563673,9,300000000000000.0,0
539563673,10,400000000000000.0,0
539563673,11,499999969482421.9,0
539563673,12,600000000000000.0,0
539563673,13,700000000000000.0,0
539563673,14,800000000000000.0,0
539563673,15,900000000000000.0,0
539563673,16,999999938964843.8,0
539563673,17,1100000000000000.0,0
539563673,18,1200000000000000.0,0
539563673,19,1300000000000000.0,3
539563673,20,1250000000000000.0,3
539563673,21,1230000000000000.0,3
539563673,22,1210000000000000.0,3
539563673,23,1200000000000000.0,3
539563673,24,1150000000000000.0,0
539563673,25,1190000000000000.0,3
539563673,26,1180000000000000.0,3
539563673,27,1170000000000000.0,3
539563673,28,1160000000000000.0,0
539563673,29,1170000000000000.0,0
539563673,30,1180000000000000.0,0
539563673,31,1190000000000000.0,0
539563673,32,1200000000000000.0,0
539563673,33,1210000000000000.0,0
539563673,34,1220000000000000.0,0
539563673,35,1230000000000000.0,0
539563673,36,1250000000000000.0,3
539563673,37,1240000000000000.0,3
539563673,38,1240000000000000.0,3
539563673,39,1240000000000000.0,3
539563673,40,1240000000000000.0,3
539563673,41,1240000000000000.0,3
539563673,43,140000000000000.0,0
539563673,45,100000000000000.0,0
539563673,46,80000000000000.0,0
539563673,47,60000000000000.0,0
539563673,48,50000000000000.0,0
539563673,49,50000000000000.0,0
539563673,50,50000000000000.0,0
539563673,51,70000000000000.0,0
539563673,52,90000000000000.0,0
539563673,53,110000000000000.0,0
539563673,54,130000000000000.0,0
539563673,55,150000000000000.0,0
539563673,56,170000000000000.0,3
539563673,57,190000000000000.0,3
539563673,58,210000000000000.0,5
539563673,59,230000000000000.0,7
539563673,60,249999984741210.94,8
539563673,61,270000000000000.0,10
539563673,62,290000000000000.0,12
539563673,63,310000000000000.0,12
539563673,64,160000000000000.0,0
539563673,65,170000000000000.0,2
539563673,66,170000000000000.0,2
539563673,67,170000000000000.0,2
539563673,68,170000000000000.0,3
539563673,69,394000000000000.0,0
539563673,70,400750000000000.0,0
539563673,71,394000000000000.0,0
539563673,72,400750000000000.0,0
539563673,73,394000000000000.0,0
539563673,74,400750000000000.0,0
539563673,75,394000000000000.0,0
539563673,76,400750000000000.0,0
539563673,78,400000000000000.0,0
539563673,79,400000000000000.0,0
539563673,82,50000000000000.0,0
528609885,4,800000000000000.0,0
528609885,5,800000000000000.0,0
528609885,6,800000000000000.0,0
528609885,7,100000000000000.0,0
528609885,8,200000000000000.0,0
528609885,9,300000000000000.0,0
528609885,10,400000000000000.0,0
528609885,11,499999969482421.9,0
528609885,12,600000000000000.0,0
528609885,13,700000000000000.0,0
528609885,14,800000000000000.0,0
528609885,15,900000000000000.0,0
528609885,16,999999938964843.8,1
528609885,17,949999938964843.8,0
528609885,18,969999938964843.8,1
528609885,19,959999938964843.8,0
528609885,20,969999938964843.8,1
528609885,21,969999938964843.8,0
528609885,22,979999938964843.8,1
528609885,23,979999938964843.8,1
528609885,24,979999938964843.8,1
528609885,25,979999938964843.8,0
528609885,26,979999938964843.8,0
528609885,29,120000000000000.0,0
528609885,30,100000000000000.0,0
528609885,31,80000000000000.0,0
528609885,32,60000000000000.0,0
528609885,33,50000000000000.0,0
528609885,34,50000000000000.0,0
528609885,36,70000000000000.0,0
528609885,37,90000000000000.0,1
528609885,39,130000000000000.0,6
528609885,40,150000000000000.0,8
528609885,41,170000000000000.0,10
528609885,42,190000000000000.0,13
528609885,43,210000000000000.0,14
528609885,44,230000000000000.0,16
528609885,45,80000000000000.0,0
528609885,46,90000000000000.0,0
528609885,47,100000000000000.0,1
528609885,48,100000000000000.0,1
528609885,49,100000000000000.0,1
528609885,50,100000000000000.0,1
528609885,58,50000000000000.0,0
529856350,4,800000000000000.0,0
529856350,5,800000000000000.0,0
529856350,6,800000000000000.0,0
529856350,7,100000000000000.0,0
529856350,8,200000000000000.0,0
529856350,9,300000000000000.0,0
529856350,10,400000000000000.0,0
529856350,11,499999969482421.9,0
529856350,12,600000000000000.0,0
529856350,13,700000000000000.0,0
529856350,14,800000000000000.0,0
529856350,15,900000000000000.0,0
529856350,16,999999938964843.8,0
529856350,17,1100000000000000.0,0
529856350,18,1200000000000000.0,0
529856350,19,1300000000000000.0,0
529856350,20,1400000000000000.0,0
529856350,21,1500000000000000.0,0
529856350,22,1600000000000000.0,1
529856350,23,1650000000000000.0,1
529856350,24,1650000000000000.0,1
529856350,25,1650000000000000.0,1
529856350,26,1650000000000000.0,1
529856350,27,1650000000000000.0,1
529856350,28,160000000000000.0,0
529856350,29,140000000000000.0,0
529856350,30,120000000000000.0,0
529856350,31,100000000000000.0,0
529856350,32,80000000000000.0,0
529856350,33,60000000000000.0,0
529856350,34,50000000000000.0,0
529856350,35,50000000000000.0,0
529856350,36,50000000000000.0,0
529856350,37,70000000000000.0,0
529856350,38,90000000000000.0,0
529856350,39,110000000000000.0,0
529856350,40,130000000000000.0,1
529856350,41,150000000000000.0,1
529856350,42,170000000000000.0,3
529856350,43,190000000000000.0,5
529856350,45,230000000000000.0,8
529856350,47,270000000000000.0,11
529856350,48,140000000000000.0,1
529856350,49,140000000000000.0,0
529856350,50,140000000000000.0,1
529856350,55,330125000000000.0,0
529856350,58,324500000000000.0,0
529856350,61,50000000000000.0,0
545193484,4,800000000000000.0,0
545193484,5,800000000000000.0,0
545193484,6,800000000000000.0,0
545193484,7,100000000000000.0,0
545193484,8,200000000000000.0,0
545193484,9,300000000000000.0,0
545193484,10,400000000000000.0,1
545193484,11,350000000000000.0,0
545193484,12,370000000000000.0,0
545193484,13,380000000000000.0,1
545193484,14,380000000000000.0,0
545193484,15,380000000000000.0,0
545193484,16,380000000000000.0,1
545193484,17,380000000000000.0,0
545193484,19,140000000000000.0,0
545193484,23,60000000000000.0,0
545193484,24,50000000000000.0,0
545193484,26,50000000000000.0,16
545193484,27,70000000000000.0,26
545193484,29,110000000000000.0,40
545193484,30,130000000000000.0,46
545193484,31,150000000000000.0,53
545193484,32,170000000000000.0,60
545193484,35,50000000000000.0,5
545193484,38,70000000000000.0,24
545193484,39,70000000000000.0,24
545193484,40,69500000000000.0,0
545193484,41,70750000000000.0,0
545193484,42,69500000000000.0,0
545193484,49,400000000000000.0,0
545193484,51,50000000000000.0,0
545193484,52,50000000000000.0,0
545193484,53,50000000000000.0,9
545193484,54,50000000000000.0,6
545193484,56,50000000000000.0,4
545193484,57,50000000000000.0,4
545193484,58,80000000000000.0,21
545193484,60,80000000000000.0,21
545193484,61,80000000000000.0,21
545193484,62,119999992370605.47,36
545193484,64,119999992370605.47,38
545193484,65,119999992370605.47,36
545193484,66,380000000000000.0,0
545193484,68,380000000000000.0,0
545193484,69,380000000000000.0,0
545193484,70,380000000000000.0,0
545193484,71,380000000000000.0,0
545193484,72,380000000000000.0,0
545193484,73,380000000000000.0,0
545193484,74,380000000000000.0,0
545193484,75,380000000000000.0,0
545193484,77,380000000000000.0,0
545193484,79,380000000000000.0,0
545193484,80,380000000000000.0,0
545193484,81,380000000000000.0,0
545193484,82,380000000000000.0,0
545193484,83,380000000000000.0,0
545193484,84,380000000000000.0,0
545193484,91,50000000000000.0,0
508309649,3,800000000000000.0,0
508309649,4,800000000000000.0,0
508309649,5,800000000000000.0,0
508309649,6,100000000000000.0,0
508309649,7,200000000000000.0,0
508309649,8,300000000000000.0,0
508309649,9,400000000000000.0,0
508309649,10,499999969482421.9,0
508309649,11,600000000000000.0,0
508309649,12,700000000000000.0,0
508309649,13,800000000000000.0,0
508309649,14,900000000000000.0,0
508309649,15,999999938964843.8,1
508309649,16,999999938964843.8,1
508309649,17,999999938964843.8,1
508309649,18,999999938964843.8,1
508309649,19,999999938964843.8,1
508309649,20,999999938964843.8,1
508309649,21,160000000000000.0,0
508309649,22,140000000000000.0,0
508309649,23,120000000000000.0,0
508309649,24,100000000000000.0,0
508309649,25,80000000000000.0,0
508309649,26,60000000000000.0,0
508309649,27,50000000000000.0,0
508309649,28,50000000000000.0,0
508309649,29,50000000000000.0,0
508309649,30,70000000000000.0,0
508309649,31,90000000000000.0,4
508309649,32,110000000000000.0,7
508309649,33,130000000000000.0,10
508309649,34,150000000000000.0,13
508309649,35,170000000000000.0,16
508309649,37,210000000000000.0,20
508309649,38,230000000000000.0,22
508309649,39,100000000000000.0,5
508309649,40,100000000000000.0,5
508309649,41,100000000000000.0,5
508309649,42,100000000000000.0,4
508309649,43,231750000000000.0,0
508309649,46,235750000000000.0,0
508309649,50,235750000000000.0,0
508309649,51,400000000000000.0,0
508309649,52,400000000000000.0,0
508309649,54,100000000000000.0,1
508309649,55,100000000000000.0,0
508309649,56,100000000000000.0,0
508309649,57,100000000000000.0,1
508309649,58,140000000000000.0,7
508309649,59,140000000000000.0,8
508309649,60,140000000000000.0,8
508309649,61,140000000000000.0,7
508309649,62,180000000000000.0,14
508309649,63,180000000000000.0,14
508309649,64,180000000000000.0,14
508309649,67,429500000000000.0,0
508309649,68,429500000000000.0,0
508309649,69,1200000000000000.0,0
508309649,70,1200000000000000.0,0
508309649,71,1200000000000000.0,0
508309649,72,1200000000000000.0,0
508309649,73,1200000000000000.0,0
508309649,74,1200000000000000.0,0
508309649,75,1200000000000000.0,0
508309649,76,1200000000000000.0,0
508309649,77,1200000000000000.0,0
508309649,78,1200000000000000.0,0
508309649,79,1200000000000000.0,0
508309649,80,1200000000000000.0,0
508309649,81,1200000000000000.0,0
508309649,82,1200000000000000.0,0
508309649,83,1200000000000000.0,0
508309649,84,1200000000000000.0,0
508309649,85,1200000000000000.0,0
508309649,86,1200000000000000.0,0
508309649,87,1200000000000000.0,0
508309649,88,1200000000000000.0,0
508309649,89,1200000000000000.0,0
508309649,90,100000000000000.0,0
508309649,91,200000000000000.0,0
508309649,92,300000000000000.0,0
508309649,93,400000000000000.0,0
508309649,94,499999969482421.9,0
508309649,95,600000000000000.0,0
508309649,96,700000000000000.0,0
508309649,97,800000000000000.0,0
508309649,98,900000000000000.0,0
508309649,100,1100000000000000.0,0
508309649,101,1200000000000000.0,0
508309649,102,1300000000000000.0,0
508309649,103,1400000000000000.0,0
508309649,104,1500000000000000.0,1
508309649,105,1500000000000000.0,1
508309649,106,1500000000000000.0,1
508309649,107,1500000000000000.0,1
508309649,108,1500000000000000.0,1
508309649,109,1500000000000000.0,1
508309649,112,50000000000000.0,0
508309649,113,50000000000000.0,0
528617195,4,800000000000000.0,0
528617195,5,800000000000000.0,0
528617195,6,800000000000000.0,0
528617195,7,100000000000000.0,0
528617195,8,200000000000000.0,0
528617195,9,300000000000000.0,0
528617195,10,400000000000000.0,0
528617195,11,499999969482421.9,0
528617195,12,600000000000000.0,0
528617195,13,700000000000000.0,0
528617195,14,800000000000000.0,0
528617195,15,900000000000000.0,0
528617195,16,999999938964843.8,0
528617195,17,1100000000000000.0,1
528617195,18,999999938964843.8,0
528617195,19,1050000000000000.0,0
528617195,20,1100000000000000.0,1
528617195,21,1070000000000000.0,0
528617195,22,1090000000000000.0,1
528617195,23,1080000000000000.0,0
528617195,24,1090000000000000.0,1
528617195,25,1090000000000000.0,0
528617195,26,1100000000000000.0,1
528617195,27,1100000000000000.0,1
528617195,28,1100000000000000.0,0
528617195,29,1100000000000000.0,1
528617195,30,1100000000000000.0,0
528617195,31,160000000000000.0,0
528617195,32,140000000000000.0,0
528617195,33,120000000000000.0,0
528617195,34,100000000000000.0,0
528617195,35,80000000000000.0,0
528617195,36,60000000000000.0,0
528617195,37,50000000000000.0,0
528617195,38,50000000000000.0,0
528617195,39,50000000000000.0,0
528617195,40,70000000000000.0,0
528617195,41,90000000000000.0,0
528617195,42,110000000000000.0,0
528617195,43,130000000000000.0,3
528617195,44,150000000000000.0,6
528617195,45,170000000000000.0,8
528617195,46,190000000000000.0,11
528617195,47,210000000000000.0,13
528617195,48,230000000000000.0,15
528617195,49,249999984741210.94,17
528617195,50,270000000000000.0,19
528617195,51,119999992370605.47,1
528617195,54,119999992370605.47,1
528617195,55,119999992370605.47,1
528617195,56,119999992370605.47,1
528617195,57,119999992370605.47,1
528617195,58,278125000000000.0,0
528617195,60,278125000000000.0,0
528617195,63,400000000000000.0,0
528617195,67,50000000000000.0,0
571517139,6,850000000000000.0,8
571517139,7,850000000000000.0,8
571517139,8,850000000000000.0,9
571517139,10,250000000000000.0,1
571517139,11,200000000000000.0,1
571517139,12,180000000000000.0,0
571517139,13,190000000000000.0,0
571517139,15,210000000000000.0,1
571517139,16,210000000000000.0,1
571517139,17,210000000000000.0,1
571517139,18,210000000000000.0,1
571517139,19,210000000000000.0,1
571517139,21,90000000000000.0,0
571517139,22,70000000000000.0,0
571517139,37,60000000000000.0,6
571517139,38,60000000000000.0,2
571517139,43,100000000000000.0,32
571517139,44,140000000000000.0,44
571517139,46,73125000000000.0,0
571517139,63,50000000000000.0,0
528631714,4,800000000000000.0,0
528631714,5,800000000000000.0,0
528631714,6,800000000000000.0,0
528631714,7,100000000000000.0,0
528631714,8,200000000000000.0,0
528631714,9,300000000000000.0,0
528631714,10,400000000000000.0,0
528631714,11,499999969482421.9,0
528631714,12,600000000000000.0,0
528631714,13,700000000000000.0,0
528631714,14,800000000000000.0,0
528631714,15,900000000000000.0,0
528631714,16,999999938964843.8,0
528631714,17,1100000000000000.0,0
528631714,18,1200000000000000.0,1
528631714,19,1150000000000000.0,1
528631714,20,1130000000000000.0,0
528631714,21,1140000000000000.0,0
528631714,22,1150000000000000.0,0
528631714,23,1160000000000000.0,0
528631714,24,1170000000000000.0,0
528631714,26,1180000000000000.0,1
528631714,27,1180000000000000.0,0
528631714,28,1180000000000000.0,0
528631714,29,1180000000000000.0,0
528631714,30,160000000000000.0,0
528631714,31,140000000000000.0,0
528631714,32,120000000000000.0,0
528631714,33,100000000000000.0,0
528631714,35,60000000000000.0,0
528631714,36,50000000000000.0,0
528631714,37,50000000000000.0,0
528631714,38,50000000000000.0,0
528631714,39,70000000000000.0,0
528631714,40,90000000000000.0,0
528631714,41,110000000000000.0,0
528631714,42,130000000000000.0,0
528631714,43,150000000000000.0,0
528631714,44,170000000000000.0,0
528631714,45,190000000000000.0,0
528631714,46,210000000000000.0,1
528631714,47,230000000000000.0,2
528631714,48,249999984741210.94,3
528631714,49,270000000000000.0,5
528631714,50,290000000000000.0,5
528631714,51,310000000000000.0,6
528631714,52,330000000000000.0,8
528631714,53,350000000000000.0,8
528631714,54,210000000000000.0,1
528631714,55,210000000000000.0,1
528631714,56,210000000000000.0,1
528631714,57,210000000000000.0,1
528631714,61,50000000000000.0,0
561465305,5,800000000000000.0,0
561465305,6,800000000000000.0,0
561465305,7,800000000000000.0,0
561465305,8,100000000000000.0,0
561465305,9,200000000000000.0,0
561465305,10,300000000000000.0,0
561465305,11,400000000000000.0,1
561465305,12,350000000000000.0,1
561465305,13,330000000000000.0,1
561465305,14,310000000000000.0,0
561465305,15,320000000000000.0,0
561465305,16,330000000000000.0,1
561465305,17,330000000000000.0,0
561465305,18,340000000000000.0,0
561465305,21,350000000000000.0,1
561465305,22,350000000000000.0,0
561465305,23,350000000000000.0,0
561465305,24,360000000000000.0,0
561465305,25,370000000000000.0,1
561465305,26,370000000000000.0,1
561465305,27,370000000000000.0,1
561465305,28,370000000000000.0,1
561465305,29,370000000000000.0,1
561465305,30,160000000000000.0,0
561465305,31,140000000000000.0,0
561465305,32,120000000000000.0,0
561465305,34,80000000000000.0,0
561465305,35,60000000000000.0,0
561465305,36,50000000000000.0,0
561465305,37,50000000000000.0,0
561465305,38,50000000000000.0,0
561465305,39,70000000000000.0,0
561465305,40,90000000000000.0,0
561465305,41,110000000000000.0,1
561465305,42,130000000000000.0,9
561465305,43,150000000000000.0,19
561465305,44,170000000000000.0,28
561465305,45,190000000000000.0,36
561465305,46,210000000000000.0,45
561465305,47,230000000000000.0,52
561465305,48,249999984741210.94,59
561465305,49,100000000000000.0,0
561465305,50,110000000000000.0,0
561465305,51,119999992370605.47,1
561465305,52,119999992370605.47,1
561465305,53,119999992370605.47,1
561465305,54,119999992370605.47,1
561465305,60,400000000000000.0,0
561465305,61,400000000000000.0,0
561465305,64,50000000000000.0,0
561465305,65,50000000000000.0,0
508390405,4,800000000000000.0,0
508390405,5,800000000000000.0,0
508390405,6,800000000000000.0,0
508390405,7,100000000000000.0,0
508390405,8,200000000000000.0,0
508390405,9,300000000000000.0,0
508390405,10,400000000000000.0,0
508390405,11,499999969482421.9,0
508390405,12,600000000000000.0,0
508390405,13,700000000000000.0,0
508390405,14,800000000000000.0,0
508390405,15,900000000000000.0,0
508390405,16,999999938964843.8,0
508390405,17,1100000000000000.0,0
508390405,18,1200000000000000.0,0
508390405,19,1300000000000000.0,0
508390405,20,1400000000000000.0,0
508390405,21,1500000000000000.0,0
508390405,22,1600000000000000.0,0
508390405,23,1700000000000000.0,2
508390405,24,1650000000000000.0,0
508390405,25,1670000000000000.0,0
508390405,26,1690000000000000.0,0
508390405,27,1700000000000000.0,2
508390405,28,1700000000000000.0,2
508390405,29,1700000000000000.0,2
508390405,30,1700000000000000.0,2
508390405,31,1700000000000000.0,2
508390405,32,160000000000000.0,0
508390405,33,140000000000000.0,0
508390405,34,120000000000000.0,0
508390405,35,100000000000000.0,0
508390405,36,80000000000000.0,0
508390405,37,60000000000000.0,0
508390405,38,50000000000000.0,0
508390405,39,50000000000000.0,0
508390405,40,50000000000000.0,0
508390405,41,70000000000000.0,0
508390405,42,90000000000000.0,0
508390405,43,110000000000000.0,0
508390405,44,130000000000000.0,0
508390405,45,150000000000000.0,0
508390405,46,170000000000000.0,2
508390405,47,190000000000000.0,2
508390405,48,210000000000000.0,2
508390405,49,230000000000000.0,2
508390405,50,249999984741210.94,3
508390405,51,270000000000000.0,4
508390405,52,290000000000000.0,7
508390405,53,310000000000000.0,8
508390405,54,160000000000000.0,1
508390405,55,160000000000000.0,1
508390405,56,160000000000000.0,1
508390405,57,370875000000000.0,0
508390405,58,377250000000000.0,0
508390405,59,370875000000000.0,0
508390405,60,377250000000000.0,0
508390405,61,370875000000000.0,0
508390405,62,377250000000000.0,0
508390405,63,370875000000000.0,0
508390405,64,377250000000000.0,0
508390405,66,400000000000000.0,0
508390405,67,400000000000000.0,0
508390405,68,1700000000000000.0,0
508390405,69,1710000000000000.0,0
508390405,70,1730000000000000.0,0
508390405,71,1750000000000000.0,0
508390405,72,1770000000000000.0,0
508390405,73,1790000000000000.0,0
508390405,74,1810000000000000.0,0
508390405,75,1850000000000000.0,0
508390405,76,1899999877929687.5,0
508390405,77,1999999877929687.5,0
508390405,78,2100000000000000.0,0
508390405,79,2200000000000000.0,1
508390405,80,2150000000000000.0,1
508390405,81,2130000000000000.0,0
508390405,82,2140000000000000.0,0
508390405,83,2150000000000000.0,1
508390405,84,2150000000000000.0,0
508390405,85,2150000000000000.0,0
508390405,86,2150000000000000.0,0
508390405,87,2150000000000000.0,0
508390405,88,2150000000000000.0,0
508390405,89,2150000000000000.0,0
508390405,90,2150000000000000.0,0
508390405,91,2150000000000000.0,0
508390405,92,2150000000000000.0,0
508390405,93,2150000000000000.0,0
508390405,94,2150000000000000.0,0
508390405,95,2150000000000000.0,0
508390405,96,2150000000000000.0,0
508390405,97,2150000000000000.0,0
508390405,98,2150000000000000.0,0
508390405,99,2150000000000000.0,0
508390405,100,2150000000000000.0,0
508390405,101,2150000000000000.0,0
508390405,102,2150000000000000.0,0
508390405,103,2150000000000000.0,0
508390405,104,2150000000000000.0,0
508390405,105,160000000000000.0,0
508390405,106,180000000000000.0,0
508390405,107,190000000000000.0,1
508390405,108,190000000000000.0,1
508390405,109,190000000000000.0,1
508390405,110,190000000000000.0,1
508390405,111,190000000000000.0,1
508390405,112,230000000000000.0,2
508390405,113,230000000000000.0,2
508390405,114,230000000000000.0,2
508390405,115,230000000000000.0,2
508390405,116,270000000000000.0,2
508390405,117,270000000000000.0,2
508390405,118,270000000000000.0,2
508390405,119,270000000000000.0,2
508390405,120,816000000000000.0,0
508390405,121,816000000000000.0,0
508390405,122,816000000000000.0,0
508390405,125,50000000000000.0,0
526816192,4,800000000000000.0,0
526816192,5,800000000000000.0,0
526816192,6,800000000000000.0,0
526816192,7,100000000000000.0,0
526816192,8,200000000000000.0,0
526816192,9,300000000000000.0,0
526816192,10,400000000000000.0,0
526816192,11,499999969482421.9,0
526816192,12,600000000000000.0,0
526816192,13,700000000000000.0,0
526816192,14,800000000000000.0,0
526816192,15,900000000000000.0,0
526816192,16,999999938964843.8,0
526816192,17,1100000000000000.0,0
526816192,18,1200000000000000.0,0
526816192,19,1300000000000000.0,0
526816192,20,1400000000000000.0,0
526816192,21,1500000000000000.0,0
526816192,22,1600000000000000.0,0
526816192,23,1700000000000000.0,0
526816192,24,1800000000000000.0,0
526816192,25,1899999877929687.5,0
526816192,26,1999999877929687.5,0
526816192,27,2100000000000000.0,0
526816192,28,2200000000000000.0,0
526816192,29,2300000000000000.0,0
526816192,30,2400000000000000.0,1
526816192,31,2400000000000000.0,0
526816192,32,2400000000000000.0,1
526816192,33,2400000000000000.0,1
526816192,34,2400000000000000.0,1
526816192,37,120000000000000.0,0
526816192,38,100000000000000.0,0
526816192,40,60000000000000.0,0
526816192,41,50000000000000.0,0
526816192,42,50000000000000.0,0
526816192,43,50000000000000.0,0
526816192,44,70000000000000.0,0
526816192,45,90000000000000.0,0
526816192,46,110000000000000.0,0
526816192,47,130000000000000.0,0
526816192,48,150000000000000.0,0
526816192,49,170000000000000.0,0
526816192,50,190000000000000.0,0
526816192,51,210000000000000.0,0
526816192,52,230000000000000.0,0
526816192,53,249999984741210.94,2
526816192,54,270000000000000.0,4
526816192,55,290000000000000.0,6
526816192,56,310000000000000.0,8
526816192,57,330000000000000.0,10
526816192,58,350000000000000.0,11
526816192,59,370000000000000.0,12
526816192,60,390000000000000.0,13
526816192,61,249999984741210.94,1
526816192,62,249999984741210.94,1
526816192,63,249999984741210.94,2
526816192,68,589375000000000.0,0
526816192,76,50000000000000.0,0
541566142,4,800000000000000.0,0
541566142,5,800000000000000.0,0
541566142,6,800000000000000.0,0
541566142,7,100000000000000.0,0
541566142,8,200000000000000.0,0
541566142,9,300000000000000.0,0
541566142,10,400000000000000.0,0
541566142,11,499999969482421.9,1
541566142,12,469999969482421.9,1
541566142,13,450000000000000.0,1
541566142,14,400000000000000.0,0
541566142,15,420000000000000.0,0
541566142,16,440000000000000.0,1
541566142,17,440000000000000.0,1
541566142,18,440000000000000.0,1
541566142,19,440000000000000.0,1
541566142,20,440000000000000.0,1
541566142,21,160000000000000.0,0
541566142,22,140000000000000.0,0
541566142,23,120000000000000.0,0
541566142,24,100000000000000.0,0
541566142,25,80000000000000.0,0
541566142,27,50000000000000.0,0
541566142,28,50000000000000.0,0
541566142,29,50000000000000.0,0
541566142,30,70000000000000.0,5
541566142,31,90000000000000.0,12
541566142,33,130000000000000.0,22
541566142,36,190000000000000.0,39
541566142,37,210000000000000.0,41
541566142,44,141500000000000.0,0
541566142,45,139125000000000.0,0
541566142,48,141500000000000.0,0
541566142,49,139125000000000.0,0
541566142,50,141500000000000.0,0
541566142,52,400000000000000.0,0
541566142,53,400000000000000.0,0
541566142,57,50000000000000.0,0
528697733,4,800000000000000.0,0
528697733,5,800000000000000.0,0
528697733,6,800000000000000.0,0
528697733,7,100000000000000.0,0
528697733,8,200000000000000.0,0
528697733,9,300000000000000.0,0
528697733,10,400000000000000.0,0
528697733,11,499999969482421.9,0
528697733,12,600000000000000.0,0
528697733,13,700000000000000.0,0
528697733,14,800000000000000.0,0
528697733,15,900000000000000.0,0
528697733,16,999999938964843.8,0
528697733,17,1100000000000000.0,0
528697733,18,1200000000000000.0,0
528697733,19,1300000000000000.0,0
528697733,20,1400000000000000.0,0
528697733,21,1500000000000000.0,0
528697733,22,1600000000000000.0,0
528697733,23,1700000000000000.0,1
528697733,24,1600000000000000.0,0
528697733,25,1650000000000000.0,0
528697733,26,1670000000000000.0,0
528697733,27,1690000000000000.0,2
528697733,28,1680000000000000.0,1
528697733,29,1680000000000000.0,2
528697733,30,1680000000000000.0,1
528697733,31,1680000000000000.0,1
528697733,32,1680000000000000.0,0
528697733,33,160000000000000.0,0
528697733,34,140000000000000.0,0
528697733,35,120000000000000.0,0
528697733,36,100000000000000.0,0
528697733,37,80000000000000.0,0
528697733,38,60000000000000.0,0
528697733,39,50000000000000.0,0
528697733,40,50000000000000.0,0
528697733,41,50000000000000.0,0
528697733,42,70000000000000.0,0
528697733,43,90000000000000.0,0
528697733,44,110000000000000.0,0
528697733,45,130000000000000.0,1
528697733,46,150000000000000.0,2
528697733,47,170000000000000.0,2
528697733,48,190000000000000.0,4
528697733,49,210000000000000.0,6
528697733,50,230000000000000.0,7
528697733,51,249999984741210.94,9
528697733,52,270000000000000.0,10
528697733,53,100000000000000.0,0
528697733,54,119999992370605.47,0
528697733,55,140000000000000.0,0
528697733,56,150000000000000.0,1
528697733,57,150000000000000.0,2
528697733,58,150000000000000.0,1
528697733,59,150000000000000.0,1
528697733,60,347625000000000.0,0
528697733,61,353625000000000.0,0
528697733,62,347625000000000.0,0
528697733,63,353625000000000.0,0
528697733,65,400000000000000.0,0
528697733,66,400000000000000.0,0
528697733,69,50000000000000.0,0
528011097,4,800000000000000.0,0
528011097,5,800000000000000.0,0
528011097,6,800000000000000.0,0
528011097,7,100000000000000.0,0
528011097,8,200000000000000.0,0
528011097,9,300000000000000.0,0
528011097,10,400000000000000.0,0
528011097,11,499999969482421.9,0
528011097,12,600000000000000.0,2
528011097,13,550000000000000.0,0
528011097,14,570000000000000.0,0
528011097,15,590000000000000.0,2
528011097,16,580000000000000.0,0
528011097,17,590000000000000.0,2
528011097,18,590000000000000.0,2
528011097,19,590000000000000.0,0
528011097,20,590000000000000.0,3
528011097,21,590000000000000.0,0
528011097,22,160000000000000.0,0
528011097,23,140000000000000.0,0
528011097,24,120000000000000.0,0
528011097,25,100000000000000.0,0
528011097,27,60000000000000.0,0
528011097,28,50000000000000.0,0
528011097,29,50000000000000.0,0
528011097,31,70000000000000.0,0
528011097,32,90000000000000.0,0
528011097,33,110000000000000.0,0
528011097,34,130000000000000.0,0
528011097,35,150000000000000.0,0
528011097,36,170000000000000.0,0
528011097,37,190000000000000.0,3
528011097,39,230000000000000.0,3
528011097,41,270000000000000.0,28
528011097,42,290000000000000.0,44
528011097,43,310000000000000.0,56
528011097,44,330000000000000.0,62
528011097,45,350000000000000.0,72
528011097,46,370000000000000.0,77
528011097,49,239999984741210.94,5
528011097,50,230000000000000.0,2
528011097,53,239999984741210.94,3
528011097,54,239999984741210.94,6
528011097,55,239999984741210.94,6
528011097,56,239999984741210.94,3
528011097,57,556250000000000.0,0
528011097,58,565875000000000.0,0
528011097,59,556250000000000.0,0
528011097,60,565875000000000.0,0
528011097,61,556250000000000.0,0
528011097,62,565875000000000.0,0
528011097,63,556250000000000.0,0
528011097,64,565875000000000.0,0
528011097,66,400000000000000.0,0
528011097,67,400000000000000.0,0
528011097,70,50000000000000.0,0
508390609,4,800000000000000.0,0
508390609,6,800000000000000.0,0
508390609,7,100000000000000.0,0
508390609,8,200000000000000.0,0
508390609,10,400000000000000.0,0
508390609,13,700000000000000.0,0
508390609,14,800000000000000.0,0
508390609,15,900000000000000.0,0
508390609,16,999999938964843.8,0
508390609,17,1100000000000000.0,0
508390609,18,1200000000000000.0,0
508390609,19,1300000000000000.0,0
508390609,20,1400000000000000.0,0
508390609,21,1500000000000000.0,0
508390609,23,1700000000000000.0,0
508390609,24,1800000000000000.0,0
508390609,25,1899999877929687.5,0
508390609,26,1999999877929687.5,0
508390609,27,2300000000000000.0,0
508390609,28,2500000000000000.0,0
508390609,29,2700000000000000.0,0
508390609,30,2900000000000000.0,2
508390609,31,2900000000000000.0,2
508390609,32,2900000000000000.0,2
508390609,33,2900000000000000.0,2
508390609,34,2900000000000000.0,2
508390609,35,160000000000000.0,0
508390609,36,140000000000000.0,0
508390609,37,120000000000000.0,0
508390609,38,100000000000000.0,0
508390609,39,80000000000000.0,0
508390609,41,50000000000000.0,0
508390609,42,50000000000000.0,0
508390609,43,50000000000000.0,0
508390609,44,70000000000000.0,0
508390609,45,90000000000000.0,0
508390609,46,110000000000000.0,0
508390609,47,130000000000000.0,0
508390609,48,150000000000000.0,0
508390609,49,170000000000000.0,0
508390609,50,190000000000000.0,0
508390609,51,210000000000000.0,0
508390609,52,230000000000000.0,1
508390609,53,249999984741210.94,1
508390609,54,270000000000000.0,1
508390609,56,310000000000000.0,1
508390609,57,330000000000000.0,2
508390609,58,350000000000000.0,2
508390609,59,370000000000000.0,4
508390609,60,249999984741210.94,1
508390609,61,249999984741210.94,1
508390609,62,249999984741210.94,1
508390609,63,249999984741210.94,1
508390609,65,589375000000000.0,0
508390609,66,579375000000000.0,0
508390609,67,589375000000000.0,0
508390609,68,579375000000000.0,0
508390609,72,400000000000000.0,0
508390609,73,400000000000000.0,0
508390609,75,260000000000000.0,1
508390609,76,260000000000000.0,1
508390609,77,260000000000000.0,1
508390609,79,300000000000000.0,1
508390609,80,300000000000000.0,1
508390609,81,300000000000000.0,1
508390609,82,300000000000000.0,1
508390609,83,340000000000000.0,1
508390609,84,340000000000000.0,1
508390609,85,340000000000000.0,1
508390609,86,340000000000000.0,1
508390609,87,1073750000000000.0,0
508390609,89,1073750000000000.0,0
508390609,92,50000000000000.0,0
527901472,4,800000000000000.0,0
527901472,5,800000000000000.0,0
527901472,6,800000000000000.0,0
527901472,7,100000000000000.0,0
527901472,8,200000000000000.0,0
527901472,9,300000000000000.0,0
527901472,10,400000000000000.0,0
527901472,11,499999969482421.9,0
527901472,12,600000000000000.0,0
527901472,13,700000000000000.0,0
527901472,14,800000000000000.0,0
527901472,15,900000000000000.0,0
527901472,16,999999938964843.8,0
527901472,17,1100000000000000.0,0
527901472,18,1200000000000000.0,0
527901472,19,1300000000000000.0,0
527901472,20,1400000000000000.0,0
527901472,21,1500000000000000.0,0
527901472,22,1600000000000000.0,0
527901472,23,1700000000000000.0,0
527901472,24,1800000000000000.0,0
527901472,25,1899999877929687.5,0
527901472,26,1999999877929687.5,0
527901472,27,2100000000000000.0,0
527901472,28,2200000000000000.0,0
527901472,29,2300000000000000.0,0
527901472,30,2400000000000000.0,0
527901472,31,2500000000000000.0,0
527901472,32,2600000000000000.0,0
527901472,33,2700000000000000.0,0
527901472,34,2800000000000000.0,0
527901472,35,2900000000000000.0,0
527901472,36,3000000000000000.0,0
527901472,37,3100000000000000.0,0
527901472,38,3200000000000000.0,1
527901472,39,3150000000000000.0,0
527901472,40,3170000000000000.0,0
527901472,41,3190000000000000.0,0
527901472,42,3200000000000000.0,0
527901472,43,3230000000000000.0,1
527901472,44,3210000000000000.0,0
527901472,45,3220000000000000.0,0
527901472,46,3230000000000000.0,0
527901472,47,3250000000000000.0,0
527901472,48,3270000000000000.0,0
527901472,49,3300000000000000.0,1
527901472,50,3300000000000000.0,1
527901472,51,3300000000000000.0,1
527901472,52,3300000000000000.0,1
527901472,53,3300000000000000.0,1
527901472,54,160000000000000.0,0
527901472,55,140000000000000.0,0
527901472,56,120000000000000.0,0
527901472,57,100000000000000.0,0
527901472,58,80000000000000.0,0
527901472,59,60000000000000.0,0
527901472,60,50000000000000.0,0
527901472,61,50000000000000.0,0
527901472,62,50000000000000.0,0
527901472,63,70000000000000.0,0
527901472,64,90000000000000.0,0
527901472,65,110000000000000.0,0
527901472,66,130000000000000.0,0
527901472,67,150000000000000.0,0
527901472,68,170000000000000.0,0
527901472,69,190000000000000.0,0
527901472,70,210000000000000.0,0
527901472,71,230000000000000.0,0
527901472,72,249999984741210.94,0
527901472,73,270000000000000.0,0
527901472,74,290000000000000.0,0
527901472,75,310000000000000.0,0
527901472,76,330000000000000.0,0
527901472,77,350000000000000.0,0
527901472,78,370000000000000.0,0
527901472,79,390000000000000.0,0
527901472,80,410000000000000.0,0
527901472,81,430000000000000.0,0
527901472,82,450000000000000.0,0
527901472,83,469999969482421.9,1
527901472,84,489999969482421.9,1
527901472,85,509999969482421.9,2
527901472,86,530000000000000.0,2
527901472,87,550000000000000.0,2
527901472,88,570000000000000.0,2
527901472,89,590000000000000.0,2
527901472,90,610000000000000.0,2
527901472,91,460000000000000.0,0
527901472,92,469999969482421.9,1
527901472,93,469999969482421.9,0
527901472,94,479999969482421.9,1
527901472,95,479999969482421.9,1
527901472,96,479999969482421.9,0
527901472,97,479999969482421.9,0
527901472,98,489999969482421.9,0
527901472,99,499999969482421.9,1
527901472,100,499999969482421.9,1
527901472,101,499999969482421.9,1
527901472,102,499999969482421.9,1
527901472,105,1158750000000000.0,0
527901472,107,1158750000000000.0,0
527901472,109,1158750000000000.0,0
527901472,112,400000000000000.0,0
527901472,113,400000000000000.0,0
527901472,116,50000000000000.0,0
548434716,5,800000000000000.0,0
548434716,6,800000000000000.0,0
548434716,7,800000000000000.0,0
548434716,8,100000000000000.0,0
548434716,9,200000000000000.0,0
548434716,10,300000000000000.0,0
548434716,11,400000000000000.0,0
548434716,12,499999969482421.9,0
548434716,13,600000000000000.0,0
548434716,14,700000000000000.0,0
548434716,15,800000000000000.0,0
548434716,16,900000000000000.0,0
548434716,17,999999938964843.8,0
548434716,18,1100000000000000.0,0
548434716,19,1200000000000000.0,0
548434716,20,1300000000000000.0,0
548434716,21,1400000000000000.0,0
548434716,22,1500000000000000.0,0
548434716,23,1600000000000000.0,0
548434716,24,1700000000000000.0,0
548434716,25,1800000000000000.0,0
548434716,26,1899999877929687.5,0
548434716,27,1999999877929687.5,0
548434716,28,2100000000000000.0,1
548434716,29,2100000000000000.0,1
548434716,30,2100000000000000.0,1
548434716,31,2100000000000000.0,1
548434716,32,2100000000000000.0,1
548434716,33,160000000000000.0,0
548434716,34,140000000000000.0,0
548434716,35,120000000000000.0,0
548434716,36,100000000000000.0,0
548434716,37,80000000000000.0,0
548434716,38,60000000000000.0,0
548434716,39,50000000000000.0,0
548434716,40,50000000000000.0,0
548434716,41,50000000000000.0,0
548434716,42,70000000000000.0,0
548434716,43,90000000000000.0,0
548434716,44,110000000000000.0,0
548434716,45,130000000000000.0,0
548434716,46,150000000000000.0,0
548434716,47,170000000000000.0,0
548434716,48,190000000000000.0,0
548434716,49,210000000000000.0,0
548434716,50,230000000000000.0,1
548434716,51,249999984741210.94,1
548434716,52,270000000000000.0,1
548434716,53,290000000000000.0,1
548434716,54,310000000000000.0,1
548434716,55,330000000000000.0,2
548434716,56,350000000000000.0,2
548434716,57,370000000000000.0,2
548434716,58,390000000000000.0,2
548434716,59,220000000000000.0,0
548434716,60,260000000000000.0,0
548434716,61,280000000000000.0,1
548434716,62,280000000000000.0,0
548434716,85,50000000000000.0,0
528734156,4,800000000000000.0,0
528734156,5,800000000000000.0,0
528734156,6,800000000000000.0,0
528734156,7,100000000000000.0,0
528734156,8,200000000000000.0,0
528734156,9,300000000000000.0,0
528734156,10,400000000000000.0,0
528734156,11,499999969482421.9,0
528734156,12,600000000000000.0,0
528734156,13,700000000000000.0,1
528734156,14,650000000000000.0,0
528734156,15,670000000000000.0,1
528734156,16,660000000000000.0,0
528734156,17,670000000000000.0,0
528734156,18,680000000000000.0,1
528734156,19,680000000000000.0,1
528734156,20,680000000000000.0,1
528734156,21,680000000000000.0,1
528734156,22,680000000000000.0,1
528734156,23,160000000000000.0,0
528734156,24,140000000000000.0,0
528734156,25,120000000000000.0,0
528734156,26,100000000000000.0,0
528734156,27,80000000000000.0,0
528734156,28,60000000000000.0,0
528734156,29,50000000000000.0,0
528734156,30,50000000000000.0,0
528734156,31,50000000000000.0,0
528734156,32,70000000000000.0,0
528734156,33,90000000000000.0,0
528734156,34,110000000000000.0,0
528734156,35,130000000000000.0,0
528734156,36,150000000000000.0,0
528734156,37,170000000000000.0,0
528734156,38,190000000000000.0,1
528734156,39,210000000000000.0,1
528734156,40,230000000000000.0,4
528734156,41,249999984741210.94,15
528734156,42,270000000000000.0,22
528734156,43,290000000000000.0,27
528734156,44,310000000000000.0,32
528734156,45,330000000000000.0,39
528734156,46,350000000000000.0,48
528734156,47,200000000000000.0,1
528734156,50,210000000000000.0,1
528734156,51,210000000000000.0,1
528734156,52,210000000000000.0,1
528734156,53,210000000000000.0,1
528734156,54,486749969482421.9,0
528734156,56,486749969482421.9,0
528734156,57,495125000000000.0,0
528734156,59,400000000000000.0,0
528734156,60,400000000000000.0,0
528734156,63,50000000000000.0,0
528038990,4,800000000000000.0,0
528038990,5,800000000000000.0,0
528038990,6,800000000000000.0,0
528038990,7,100000000000000.0,0
528038990,8,200000000000000.0,0
528038990,9,300000000000000.0,0
528038990,10,400000000000000.0,0
528038990,11,499999969482421.9,0
528038990,12,600000000000000.0,0
528038990,13,700000000000000.0,0
528038990,14,800000000000000.0,0
528038990,15,900000000000000.0,0
528038990,16,999999938964843.8,0
528038990,17,1100000000000000.0,0
528038990,18,1200000000000000.0,0
528038990,19,1300000000000000.0,0
528038990,20,1400000000000000.0,0
528038990,21,1500000000000000.0,0
528038990,22,1600000000000000.0,0
528038990,23,1700000000000000.0,0
528038990,24,1800000000000000.0,0
528038990,25,1899999877929687.5,0
528038990,26,1999999877929687.5,0
528038990,27,2100000000000000.0,0
528038990,28,2200000000000000.0,0
528038990,29,2300000000000000.0,0
528038990,30,2400000000000000.0,0
528038990,31,2500000000000000.0,0
528038990,32,2600000000000000.0,0
528038990,33,2700000000000000.0,0
528038990,34,2800000000000000.0,0
528038990,35,2900000000000000.0,1
528038990,36,2850000000000000.0,0
528038990,37,2870000000000000.0,0
528038990,38,2890000000000000.0,0
528038990,39,2900000000000000.0,0
528038990,40,2950000000000000.0,0
528038990,41,3000000000000000.0,0
528038990,42,3050000000000000.0,1
528038990,43,3050000000000000.0,1
528038990,44,3050000000000000.0,1
528038990,45,3050000000000000.0,1
528038990,46,3050000000000000.0,0
528038990,47,3050000000000000.0,1
528038990,48,160000000000000.0,0
528038990,49,140000000000000.0,0
528038990,50,120000000000000.0,0
528038990,51,100000000000000.0,0
528038990,52,80000000000000.0,0
528038990,53,60000000000000.0,0
528038990,54,50000000000000.0,0
528038990,55,50000000000000.0,0
528038990,56,50000000000000.0,0
528038990,57,70000000000000.0,0
528038990,58,90000000000000.0,0
528038990,59,110000000000000.0,0
528038990,60,130000000000000.0,0
528038990,61,150000000000000.0,0
528038990,62,170000000000000.0,0
528038990,63,190000000000000.0,0
528038990,64,210000000000000.0,0
528038990,65,230000000000000.0,0
528038990,66,249999984741210.94,0
528038990,67,270000000000000.0,0
528038990,68,290000000000000.0,1
528038990,69,310000000000000.0,1
528038990,70,330000000000000.0,1
528038990,71,350000000000000.0,4
528038990,72,370000000000000.0,4
528038990,73,390000000000000.0,5
528038990,74,410000000000000.0,6
528038990,75,430000000000000.0,6
528038990,76,280000000000000.0,0
528038990,77,290000000000000.0,0
528038990,78,300000000000000.0,1
528038990,79,300000000000000.0,1
528038990,80,300000000000000.0,1
528038990,81,300000000000000.0,1
528038990,82,695625000000000.0,0
528038990,83,707500000000000.0,0
528038990,84,695625000000000.0,0
528038990,85,707500000000000.0,0
528038990,86,695625000000000.0,0
528038990,87,707500000000000.0,0
528038990,88,695625000000000.0,0
528038990,89,707500000000000.0,0
528038990,91,400000000000000.0,0
528038990,92,400000000000000.0,0
528038990,93,300000000000000.0,0
528038990,94,310000000000000.0,1
528038990,95,310000000000000.0,1
528038990,96,310000000000000.0,0
528038990,97,310000000000000.0,0
528038990,98,320000000000000.0,1
528038990,99,320000000000000.0,1
528038990,100,320000000000000.0,1
528038990,101,320000000000000.0,1
528038990,102,360000000000000.0,2
528038990,103,360000000000000.0,1
528038990,106,400000000000000.0,5
528038990,107,400000000000000.0,4
528038990,108,400000000000000.0,4
528038990,112,50000000000000.0,0
548408551,4,800000000000000.0,0
548408551,5,800000000000000.0,0
548408551,6,800000000000000.0,0
548408551,7,100000000000000.0,0
548408551,8,200000000000000.0,0
548408551,9,300000000000000.0,0
548408551,10,400000000000000.0,0
548408551,11,499999969482421.9,0
548408551,12,600000000000000.0,0
548408551,13,700000000000000.0,0
548408551,14,800000000000000.0,0
548408551,15,900000000000000.0,0
548408551,16,999999938964843.8,0
548408551,17,1100000000000000.0,0
548408551,18,1200000000000000.0,1
548408551,19,1050000000000000.0,0
548408551,20,1070000000000000.0,0
548408551,21,1090000000000000.0,0
548408551,22,1100000000000000.0,0
548408551,23,1150000000000000.0,0
548408551,24,1190000000000000.0,1
548408551,25,1170000000000000.0,1
548408551,26,1150000000000000.0,0
548408551,27,1160000000000000.0,0
548408551,28,1170000000000000.0,0
548408551,29,1180000000000000.0,1
548408551,30,1180000000000000.0,0
548408551,31,1190000000000000.0,1
548408551,32,1190000000000000.0,1
548408551,33,1190000000000000.0,0
548408551,34,1200000000000000.0,0
548408551,35,1200000000000000.0,0
548408551,36,1210000000000000.0,1
548408551,37,1210000000000000.0,0
548408551,38,1220000000000000.0,0
548408551,39,1230000000000000.0,1
548408551,40,1230000000000000.0,1
548408551,41,1230000000000000.0,0
548408551,42,1230000000000000.0,1
548408551,43,1230000000000000.0,0
548408551,44,160000000000000.0,0
548408551,45,140000000000000.0,0
548408551,46,120000000000000.0,0
548408551,47,100000000000000.0,0
548408551,48,80000000000000.0,0
548408551,49,60000000000000.0,0
548408551,50,50000000000000.0,0
548408551,51,50000000000000.0,0
548408551,52,50000000000000.0,0
548408551,53,70000000000000.0,0
548408551,54,90000000000000.0,0
548408551,55,110000000000000.0,0
548408551,56,130000000000000.0,1
548408551,57,150000000000000.0,3
548408551,58,170000000000000.0,6
548408551,59,190000000000000.0,8
548408551,60,210000000000000.0,10
548408551,61,230000000000000.0,12
548408551,62,249999984741210.94,14
548408551,63,270000000000000.0,16
548408551,64,119999992370605.47,1
548408551,65,110000000000000.0,0
548408551,66,119999992370605.47,1
548408551,67,119999992370605.47,1
548408551,68,119999992370605.47,1
548408551,69,119999992370605.47,1
548408551,70,278125000000000.0,0
548408551,71,282875000000000.0,0
548408551,72,278125000000000.0,0
548408551,73,282875000000000.0,0
548408551,74,278125000000000.0,0
548408551,75,282875000000000.0,0
548408551,76,278125000000000.0,0
548408551,77,282875000000000.0,0
548408551,79,400000000000000.0,0
548408551,80,400000000000000.0,0
548408551,81,119999992370605.47,0
548408551,82,140000000000000.0,0
548408551,83,150000000000000.0,1
548408551,84,150000000000000.0,1
548408551,85,150000000000000.0,1
548408551,86,150000000000000.0,1
548408551,87,150000000000000.0,1
548408551,88,190000000000000.0,2
548408551,89,190000000000000.0,2
548408551,90,190000000000000.0,2
548408551,91,190000000000000.0,2
548408551,92,230000000000000.0,3
548408551,93,230000000000000.0,3
548408551,94,230000000000000.0,4
548408551,95,230000000000000.0,3
548408551,96,1230000000000000.0,0
548408551,97,1270000000000000.0,0
548408551,98,1300000000000000.0,0
548408551,99,1400000000000000.0,1
548408551,100,1350000000000000.0,1
548408551,101,1330000000000000.0,0
548408551,102,1340000000000000.0,1
548408551,103,1340000000000000.0,0
548408551,104,1340000000000000.0,0
548408551,105,1340000000000000.0,0
548408551,106,1340000000000000.0,0
548408551,107,1340000000000000.0,0
548408551,108,1340000000000000.0,0
548408551,109,1340000000000000.0,0
548408551,110,1340000000000000.0,0
548408551,111,1340000000000000.0,0
548408551,112,1340000000000000.0,0
548408551,113,1340000000000000.0,0
548408551,114,1340000000000000.0,0
548408551,115,1340000000000000.0,0
548408551,116,1340000000000000.0,0
548408551,117,1340000000000000.0,0
548408551,118,1340000000000000.0,0
548408551,119,1340000000000000.0,0
548408551,120,1340000000000000.0,0
548408551,121,1340000000000000.0,0
548408551,122,1340000000000000.0,0
548408551,123,1340000000000000.0,0
548408551,125,644125000000000.0,0
548408551,126,644125000000000.0,0
548408551,129,50000000000000.0,0
520470950,4,800000000000000.0,0
520470950,5,800000000000000.0,0
520470950,6,800000000000000.0,0
520470950,7,100000000000000.0,0
520470950,8,200000000000000.0,0
520470950,9,300000000000000.0,0
520470950,10,400000000000000.0,0
520470950,11,499999969482421.9,0
520470950,12,600000000000000.0,0
520470950,13,700000000000000.0,0
520470950,14,800000000000000.0,0
520470950,15,900000000000000.0,0
520470950,16,999999938964843.8,0
520470950,17,1100000000000000.0,0
520470950,18,1200000000000000.0,0
520470950,19,1300000000000000.0,0
520470950,20,1400000000000000.0,0
520470950,21,1500000000000000.0,0
520470950,22,1600000000000000.0,2
520470950,23,1550000000000000.0,2
520470950,24,1530000000000000.0,2
520470950,25,1510000000000000.0,2
520470950,26,1490000000000000.0,0
520470950,27,1500000000000000.0,0
520470950,28,1510000000000000.0,0
520470950,29,1520000000000000.0,0
520470950,30,1530000000000000.0,0
520470950,31,1540000000000000.0,0
520470950,32,1550000000000000.0,0
520470950,33,1570000000000000.0,2
520470950,35,1560000000000000.0,2
520470950,36,1560000000000000.0,2
520470950,37,1560000000000000.0,2
520470950,38,1560000000000000.0,2
520470950,39,160000000000000.0,0
520470950,40,140000000000000.0,0
520470950,41,120000000000000.0,0
520470950,42,100000000000000.0,0
520470950,43,80000000000000.0,0
520470950,44,60000000000000.0,0
520470950,45,50000000000000.0,0
520470950,46,50000000000000.0,0
520470950,47,50000000000000.0,0
520470950,48,70000000000000.0,0
520470950,49,90000000000000.0,0
520470950,50,110000000000000.0,0
520470950,51,130000000000000.0,0
520470950,52,150000000000000.0,0
520470950,53,170000000000000.0,0
520470950,54,190000000000000.0,0
520470950,55,210000000000000.0,2
520470950,56,230000000000000.0,2
520470950,57,249999984741210.94,2
520470950,58,270000000000000.0,2
520470950,59,290000000000000.0,3
520470950,60,310000000000000.0,5
520470950,61,330000000000000.0,6
520470950,62,350000000000000.0,7
520470950,63,200000000000000.0,0
520470950,64,210000000000000.0,2
520470950,65,210000000000000.0,2
520470950,66,210000000000000.0,2
520470950,67,210000000000000.0,2
520470950,68,486749969482421.9,0
520470950,70,486749969482421.9,0
520470950,71,495125000000000.0,0
520470950,72,486749969482421.9,0
520470950,74,486749969482421.9,0
520470950,75,495125000000000.0,0
520470950,77,400000000000000.0,0
520470950,78,400000000000000.0,0
520470950,79,210000000000000.0,0
520470950,80,220000000000000.0,2
520470950,81,220000000000000.0,2
520470950,82,220000000000000.0,2
520470950,83,220000000000000.0,1
520470950,85,260000000000000.0,2
520470950,86,260000000000000.0,2
520470950,87,260000000000000.0,2
520470950,88,260000000000000.0,2
520470950,89,300000000000000.0,2
520470950,90,300000000000000.0,2
520470950,91,300000000000000.0,2
520470950,92,300000000000000.0,2
520470950,93,1560000000000000.0,0
520470950,94,1600000000000000.0,0
520470950,95,1650000000000000.0,0
520470950,96,1700000000000000.0,0
520470950,97,1750000000000000.0,0
520470950,98,1800000000000000.0,0
520470950,99,1850000000000000.0,0
520470950,102,50000000000000.0,0
527931217,4,800000000000000.0,0
527931217,5,800000000000000.0,0
527931217,6,800000000000000.0,0
527931217,7,100000000000000.0,0
527931217,8,200000000000000.0,0
527931217,9,300000000000000.0,0
527931217,10,400000000000000.0,0
527931217,11,499999969482421.9,0
527931217,12,600000000000000.0,0
527931217,13,700000000000000.0,0
527931217,14,800000000000000.0,0
527931217,15,900000000000000.0,0
527931217,16,999999938964843.8,0
527931217,17,1100000000000000.0,0
527931217,18,1200000000000000.0,0
527931217,19,1300000000000000.0,0
527931217,20,1400000000000000.0,2
527931217,21,1350000000000000.0,2
527931217,22,1330000000000000.0,2
527931217,23,1320000000000000.0,0
527931217,24,1330000000000000.0,0
527931217,25,1340000000000000.0,0
527931217,26,1350000000000000.0,0
527931217,27,1360000000000000.0,0
527931217,28,1370000000000000.0,0
527931217,29,1380000000000000.0,0
527931217,30,1390000000000000.0,0
527931217,31,1400000000000000.0,0
527931217,32,1420000000000000.0,0
527931217,33,1450000000000000.0,2
527931217,34,1450000000000000.0,2
527931217,35,1450000000000000.0,2
527931217,36,1450000000000000.0,2
527931217,37,1450000000000000.0,2
527931217,38,160000000000000.0,0
527931217,39,140000000000000.0,0
527931217,40,120000000000000.0,0
527931217,41,100000000000000.0,0
527931217,42,80000000000000.0,0
527931217,43,60000000000000.0,0
527931217,44,50000000000000.0,0
527931217,45,50000000000000.0,0
527931217,46,50000000000000.0,0
527931217,47,70000000000000.0,0
527931217,48,90000000000000.0,0
527931217,49,110000000000000.0,2
527931217,50,130000000000000.0,2
527931217,51,150000000000000.0,3
527931217,52,170000000000000.0,4
527931217,53,190000000000000.0,5
527931217,54,210000000000000.0,6
527931217,56,249999984741210.94,8
527931217,57,110000000000000.0,2
527931217,58,110000000000000.0,2
527931217,59,110000000000000.0,2
527931217,60,110000000000000.0,2
527931217,61,254999984741210.94,0
527931217,62,259375000000000.0,0
527931217,65,254999984741210.94,0
527931217,71,400000000000000.0,0
527931217,72,400000000000000.0,0
527931217,74,110000000000000.0,1
527931217,75,110000000000000.0,2
527931217,76,110000000000000.0,1
527931217,77,150000000000000.0,2
527931217,78,150000000000000.0,2
527931217,79,150000000000000.0,2
527931217,80,150000000000000.0,2
527931217,81,190000000000000.0,4
527931217,82,190000000000000.0,3
527931217,84,190000000000000.0,3
527931217,85,1270000000000000.0,0
527931217,86,1300000000000000.0,0
527931217,87,1320000000000000.0,0
527931217,88,1350000000000000.0,0
527931217,89,472500000000000.0,0
527931217,91,472500000000000.0,0
527931217,94,50000000000000.0,0
567731428,8,800000000000000.0,0
567731428,9,800000000000000.0,0
567731428,10,100000000000000.0,0
567731428,11,200000000000000.0,0
567731428,12,300000000000000.0,0
567731428,13,400000000000000.0,0
567731428,14,499999969482421.9,0
567731428,15,600000000000000.0,1
567731428,16,550000000000000.0,0
567731428,17,570000000000000.0,1
567731428,18,560000000000000.0,1
567731428,20,560000000000000.0,1
567731428,21,560000000000000.0,0
567731428,22,560000000000000.0,0
567731428,23,560000000000000.0,0
567731428,24,570000000000000.0,0
567731428,25,580000000000000.0,0
567731428,26,590000000000000.0,0
567731428,27,600000000000000.0,0
567731428,28,610000000000000.0,1
567731428,29,610000000000000.0,1
567731428,30,610000000000000.0,0
567731428,31,610000000000000.0,1
567731428,32,610000000000000.0,0
567731428,33,610000000000000.0,0
567731428,34,610000000000000.0,0
567731428,35,620000000000000.0,0
567731428,36,640000000000000.0,0
567731428,37,650000000000000.0,1
567731428,38,650000000000000.0,0
567731428,39,650000000000000.0,0
567731428,40,670000000000000.0,0
567731428,41,690000000000000.0,1
567731428,42,690000000000000.0,0
567731428,43,690000000000000.0,0
567731428,44,690000000000000.0,1
567731428,45,690000000000000.0,1
567731428,46,160000000000000.0,0
567731428,47,140000000000000.0,0
567731428,48,120000000000000.0,0
567731428,49,100000000000000.0,0
567731428,50,80000000000000.0,0
567731428,51,60000000000000.0,0
567731428,52,50000000000000.0,0
567731428,53,50000000000000.0,0
567731428,54,50000000000000.0,1
567731428,55,70000000000000.0,4
567731428,56,90000000000000.0,7
567731428,57,110000000000000.0,10
567731428,58,130000000000000.0,13
567731428,59,150000000000000.0,16
567731428,60,170000000000000.0,18
567731428,61,190000000000000.0,21
567731428,62,50000000000000.0,0
567731428,63,50000000000000.0,0
567731428,64,59999996185302.734,1
567731428,65,59999996185302.734,1
567731428,66,59999996185302.734,0
567731428,67,59999996185302.734,0
567731428,68,70000000000000.0,1
567731428,69,70000000000000.0,1
567731428,70,70000000000000.0,1
567731428,71,70000000000000.0,1
567731428,72,70000000000000.0,1
567731428,73,110000000000000.0,9
567731428,74,110000000000000.0,8
567731428,75,162250000000000.0,0
567731428,76,165000000000000.0,0
567731428,77,162250000000000.0,0
567731428,78,165000000000000.0,0
567731428,79,162250000000000.0,0
567731428,80,165000000000000.0,0
567731428,81,162250000000000.0,0
567731428,82,165000000000000.0,0
567731428,84,400000000000000.0,0
567731428,85,400000000000000.0,0
567731428,86,400000000000000.0,0
567731428,87,400000000000000.0,0
567731428,88,400000000000000.0,0
567731428,89,400000000000000.0,0
567731428,90,400000000000000.0,0
567731428,91,400000000000000.0,0
567731428,92,400000000000000.0,0
567731428,93,400000000000000.0,0
567731428,94,70000000000000.0,0
567731428,95,80000000000000.0,0
567731428,96,90000000000000.0,0
567731428,97,100000000000000.0,1
567731428,101,50000000000000.0,0
567731428,102,50000000000000.0,0
545152345,4,850000000000000.0,12
545152345,5,850000000000000.0,12
545152345,6,850000000000000.0,11
545152345,7,150000000000000.0,0
545152345,8,250000000000000.0,1
545152345,9,200000000000000.0,1
545152345,10,160000000000000.0,0
545152345,11,180000000000000.0,0
545152345,12,190000000000000.0,0
545152345,13,200000000000000.0,1
545152345,14,200000000000000.0,1
545152345,15,200000000000000.0,1
545152345,16,200000000000000.0,1
545152345,17,200000000000000.0,1
545152345,21,50000000000000.0,0
545152345,22,50000000000000.0,0
545152345,24,60000000000000.0,9
545152345,27,120000000000000.0,38
545152345,29,160000000000000.0,47
545152345,33,60000000000000.0,6
545152345,34,60000000000000.0,6
545152345,36,60000000000000.0,5
545152345,37,73125000000000.0,0
545152345,38,73625000000000.0,0
545152345,40,73625000000000.0,0
545152345,41,73125000000000.0,0
545152345,43,73125000000000.0,0
545152345,50,50000000000000.0,0
545152345,51,50000000000000.0,0
561470292,5,800000000000000.0,1
561470292,6,800000000000000.0,0
561470292,7,800000000000000.0,0
561470292,8,100000000000000.0,0
561470292,9,200000000000000.0,0
561470292,10,300000000000000.0,0
561470292,11,400000000000000.0,1
561470292,12,350000000000000.0,0
561470292,13,370000000000000.0,1
561470292,14,360000000000000.0,1
561470292,15,360000000000000.0,1
561470292,16,360000000000000.0,1
561470292,17,360000000000000.0,1
561470292,19,160000000000000.0,0
561470292,21,120000000000000.0,0
561470292,22,100000000000000.0,0
561470292,23,80000000000000.0,0
561470292,24,60000000000000.0,0
561470292,25,50000000000000.0,0
561470292,26,50000000000000.0,8
561470292,27,50000000000000.0,16
561470292,28,70000000000000.0,21
561470292,29,90000000000000.0,26
561470292,30,110000000000000.0,27
561470292,31,130000000000000.0,29
561470292,34,50000000000000.0,2
561470292,35,50000000000000.0,0
561470292,36,50000000000000.0,3
561470292,37,50000000000000.0,2
561470292,39,50000000000000.0,1
561470292,40,50000000000000.0,0
561470292,41,50000000000000.0,0
561470292,44,50000000000000.0,0
561470292,47,400000000000000.0,0
561470292,48,400000000000000.0,0
561470292,52,50000000000000.0,0
561470292,53,50000000000000.0,0
561470292,54,50000000000000.0,0
569867780,4,800000000000000.0,0
569867780,5,800000000000000.0,0
569867780,6,800000000000000.0,0
569867780,7,100000000000000.0,0
569867780,8,200000000000000.0,0
569867780,9,300000000000000.0,0
569867780,10,400000000000000.0,0
569867780,11,499999969482421.9,0
569867780,12,600000000000000.0,0
569867780,13,700000000000000.0,0
569867780,14,800000000000000.0,0
569867780,15,900000000000000.0,0
569867780,16,999999938964843.8,1
569867780,17,999999938964843.8,1
569867780,19,999999938964843.8,1
569867780,20,999999938964843.8,1
569867780,21,999999938964843.8,1
569867780,25,160000000000000.0,0
569867780,26,140000000000000.0,0
569867780,29,80000000000000.0,0
569867780,30,60000000000000.0,0
569867780,31,50000000000000.0,0
569867780,32,50000000000000.0,0
569867780,33,50000000000000.0,0
569867780,34,70000000000000.0,0
569867780,36,110000000000000.0,3
569867780,37,130000000000000.0,9
569867780,38,150000000000000.0,12
569867780,39,170000000000000.0,15
569867780,41,210000000000000.0,21
569867780,50,235624984741210.94,0
569867780,54,235624984741210.94,0
569867780,56,235624984741210.94,0
569867780,57,400000000000000.0,0
569867780,58,400000000000000.0,0
569867780,59,400000000000000.0,0
569867780,60,400000000000000.0,0
569867780,61,400000000000000.0,0
569867780,62,400000000000000.0,0
569867780,63,400000000000000.0,0
569867780,64,400000000000000.0,0
569867780,65,400000000000000.0,0
569867780,66,400000000000000.0,0
569867780,69,50000000000000.0,0
545171030,5,800000000000000.0,0
545171030,6,800000000000000.0,0
545171030,7,800000000000000.0,0
545171030,8,100000000000000.0,0
545171030,9,200000000000000.0,0
545171030,10,300000000000000.0,0
545171030,11,400000000000000.0,0
545171030,12,499999969482421.9,0
545171030,13,600000000000000.0,0
545171030,14,700000000000000.0,0
545171030,15,800000000000000.0,0
545171030,16,900000000000000.0,0
545171030,17,999999938964843.8,0
545171030,18,1100000000000000.0,0
545171030,19,1200000000000000.0,0
545171030,20,1300000000000000.0,0
545171030,21,1400000000000000.0,0
545171030,22,1500000000000000.0,0
545171030,23,1600000000000000.0,1
545171030,24,1550000000000000.0,2
545171030,25,1530000000000000.0,0
545171030,26,1540000000000000.0,0
545171030,27,1550000000000000.0,0
545171030,28,1570000000000000.0,1
545171030,29,1560000000000000.0,0
545171030,30,1570000000000000.0,0
545171030,31,1580000000000000.0,0
545171030,32,1590000000000000.0,0
545171030,33,1600000000000000.0,0
545171030,34,1610000000000000.0,0
545171030,35,1630000000000000.0,0
545171030,36,1640000000000000.0,0
545171030,37,1650000000000000.0,0
545171030,38,1670000000000000.0,0
545171030,39,1680000000000000.0,0
545171030,40,1690000000000000.0,1
545171030,41,1690000000000000.0,1
545171030,42,1690000000000000.0,0
545171030,43,1690000000000000.0,0
545171030,44,1700000000000000.0,0
545171030,45,1710000000000000.0,0
545171030,46,1730000000000000.0,1
545171030,47,1720000000000000.0,2
545171030,48,1720000000000000.0,2
545171030,49,1720000000000000.0,1
545171030,50,1720000000000000.0,1
545171030,51,1720000000000000.0,0
545171030,52,160000000000000.0,0
545171030,53,140000000000000.0,0
545171030,54,120000000000000.0,0
545171030,55,100000000000000.0,0
545171030,56,80000000000000.0,0
545171030,58,50000000000000.0,0
545171030,59,50000000000000.0,0
545171030,60,50000000000000.0,0
545171030,61,70000000000000.0,0
545171030,62,90000000000000.0,0
545171030,63,110000000000000.0,0
545171030,64,130000000000000.0,0
545171030,65,150000000000000.0,0
545171030,66,170000000000000.0,0
545171030,67,190000000000000.0,0
545171030,68,210000000000000.0,1
545171030,69,230000000000000.0,1
545171030,70,249999984741210.94,1
545171030,71,270000000000000.0,3
545171030,72,290000000000000.0,5
545171030,73,310000000000000.0,7
545171030,74,330000000000000.0,8
545171030,75,350000000000000.0,9
545171030,76,200000000000000.0,0
545171030,77,210000000000000.0,1
545171030,78,210000000000000.0,1
545171030,79,210000000000000.0,1
545171030,80,210000000000000.0,1
545171030,82,495125000000000.0,0
545171030,83,486749969482421.9,0
545171030,84,495125000000000.0,0
545171030,85,486749969482421.9,0
545171030,86,495125000000000.0,0
545171030,87,486749969482421.9,0
545171030,90,400000000000000.0,0
545171030,95,50000000000000.0,0
545171030,96,50000000000000.0,0
576090160,5,800000000000000.0,0
576090160,6,800000000000000.0,0
576090160,9,800000000000000.0,0
576090160,10,300000000000000.0,0
576090160,11,600000000000000.0,0
576090160,12,900000000000000.0,0
576090160,13,1200000000000000.0,0
576090160,14,1500000000000000.0,0
576090160,15,1800000000000000.0,0
576090160,16,2100000000000000.0,0
576090160,17,2400000000000000.0,1
576090160,18,2400000000000000.0,1
576090160,19,2400000000000000.0,1
576090160,20,2400000000000000.0,1
576090160,21,2400000000000000.0,1
576090160,22,2400000000000000.0,1
576090160,23,270000000000000.0,0
576090160,26,150000000000000.0,0
576090160,27,110000000000000.0,0
576090160,28,70000000000000.0,0
576090160,29,50000000000000.0,0
576090160,30,59999996185302.734,0
576090160,31,100000000000000.0,0
576090160,32,140000000000000.0,0
576090160,33,180000000000000.0,0
576090160,34,220000000000000.0,0
576090160,35,260000000000000.0,0
576090160,36,300000000000000.0,0
576090160,38,380000000000000.0,1
576090160,39,420000000000000.0,2
576090160,40,460000000000000.0,4
576090160,41,499999969482421.9,6
576090160,42,540000000000000.0,8
576090160,43,580000000000000.0,10
576090160,44,620000000000000.0,13
576090160,45,660000000000000.0,15
576090160,46,370000000000000.0,0
576090160,47,380000000000000.0,0
576090160,48,390000000000000.0,0
576090160,49,400000000000000.0,1
576090160,50,400000000000000.0,1
576090160,51,400000000000000.0,1
576090160,52,400000000000000.0,1
576090160,53,440000000000000.0,2
576090160,54,440000000000000.0,2
576090160,55,440000000000000.0,2
576090160,56,440000000000000.0,2
576090160,57,479999969482421.9,4
576090160,58,479999969482421.9,4
576090160,59,927125000000000.0,0
576090160,60,943000000000000.0,0
576090160,61,927125000000000.0,0
576090160,62,943000000000000.0,0
576090160,63,2400000000000000.0,0
576090160,64,2400000000000000.0,0
576090160,65,2400000000000000.0,0
576090160,66,2400000000000000.0,0
576090160,67,2400000000000000.0,0
576090160,68,2400000000000000.0,0
576090160,69,2400000000000000.0,0
576090160,70,2400000000000000.0,0
576090160,71,2400000000000000.0,0
576090160,72,2400000000000000.0,0
576090160,73,2400000000000000.0,0
576090160,74,2400000000000000.0,0
576090160,75,2400000000000000.0,0
576090160,76,2400000000000000.0,0
576090160,77,2400000000000000.0,0
576090160,78,2400000000000000.0,0
576090160,79,2400000000000000.0,0
576090160,80,2400000000000000.0,0
576090160,81,2400000000000000.0,0
576090160,82,2400000000000000.0,0
576090160,83,2400000000000000.0,0
576090160,85,400000000000000.0,0
576090160,86,400000000000000.0,0
576090160,87,400000000000000.0,0
576090160,88,400000000000000.0,0
576090160,89,400000000000000.0,0
576090160,90,400000000000000.0,0
576090160,91,400000000000000.0,0
576090160,92,400000000000000.0,0
576090160,93,400000000000000.0,0
576090160,94,400000000000000.0,0
576090160,98,50000000000000.0,0
528638602,4,800000000000000.0,0
528638602,5,800000000000000.0,0
528638602,6,800000000000000.0,0
528638602,7,100000000000000.0,0
528638602,8,200000000000000.0,0
528638602,9,300000000000000.0,0
528638602,10,400000000000000.0,0
528638602,11,499999969482421.9,0
528638602,12,600000000000000.0,0
528638602,13,700000000000000.0,0
528638602,14,800000000000000.0,1
528638602,15,750000000000000.0,0
528638602,16,770000000000000.0,0
528638602,17,790000000000000.0,1
528638602,18,780000000000000.0,1
528638602,19,780000000000000.0,1
528638602,20,780000000000000.0,1
528638602,21,780000000000000.0,1
528638602,22,780000000000000.0,1
528638602,23,160000000000000.0,0
528638602,24,140000000000000.0,0
528638602,25,120000000000000.0,0
528638602,27,80000000000000.0,0
528638602,28,60000000000000.0,0
528638602,29,50000000000000.0,0
528638602,30,50000000000000.0,0
528638602,31,50000000000000.0,0
528638602,32,70000000000000.0,0
528638602,33,90000000000000.0,0
528638602,34,110000000000000.0,0
528638602,35,130000000000000.0,0
528638602,36,150000000000000.0,0
528638602,37,170000000000000.0,1
528638602,38,190000000000000.0,1
528638602,39,210000000000000.0,1
528638602,40,230000000000000.0,1
528638602,41,249999984741210.94,2
528638602,42,270000000000000.0,3
528638602,43,290000000000000.0,3
528638602,44,310000000000000.0,3
528638602,47,170000000000000.0,1
528638602,48,170000000000000.0,1
528638602,49,170000000000000.0,1
528638602,50,170000000000000.0,1
528638602,51,394000000000000.0,0
528638602,54,400000000000000.0,0
528638602,58,50000000000000.0,0
545206633,5,800000000000000.0,0
545206633,6,800000000000000.0,0
545206633,7,800000000000000.0,0
545206633,8,100000000000000.0,0
545206633,9,200000000000000.0,0
545206633,10,300000000000000.0,0
545206633,11,400000000000000.0,0
545206633,12,499999969482421.9,0
545206633,13,600000000000000.0,0
545206633,14,700000000000000.0,0
545206633,15,800000000000000.0,0
545206633,16,900000000000000.0,0
545206633,17,999999938964843.8,1
545206633,18,949999938964843.8,0
545206633,19,999999938964843.8,0
545206633,20,1050000000000000.0,1
545206633,21,1050000000000000.0,1
545206633,22,1050000000000000.0,0
545206633,24,1050000000000000.0,1
545206633,25,160000000000000.0,0
545206633,26,140000000000000.0,0
545206633,27,120000000000000.0,0
545206633,30,60000000000000.0,0
545206633,32,50000000000000.0,0
545206633,33,50000000000000.0,0
545206633,34,70000000000000.0,1
545206633,36,110000000000000.0,7
545206633,37,130000000000000.0,8
545206633,38,150000000000000.0,10
545206633,39,170000000000000.0,12
545206633,42,70000000000000.0,0
545206633,43,80000000000000.0,0
545206633,44,90000000000000.0,1
545206633,45,90000000000000.0,2
545206633,46,90000000000000.0,1
545206633,47,90000000000000.0,1
545206633,49,130000000000000.0,8
545206633,51,170000000000000.0,11
545206633,54,208624984741210.94,0
545206633,59,212250000000000.0,0
545206633,60,400000000000000.0,0
545206633,61,400000000000000.0,0
545206633,64,90000000000000.0,0
545206633,65,130000000000000.0,2
545206633,66,130000000000000.0,4
545206633,67,130000000000000.0,5
545206633,68,130000000000000.0,1
545206633,70,170000000000000.0,9
545206633,71,170000000000000.0,9
545206633,72,170000000000000.0,9
545206633,75,50000000000000.0,0
569869510,7,800000000000000.0,0
569869510,8,800000000000000.0,0
569869510,9,100000000000000.0,0
569869510,10,200000000000000.0,0
569869510,11,300000000000000.0,0
569869510,12,400000000000000.0,0
569869510,13,499999969482421.9,0
569869510,14,600000000000000.0,1
569869510,15,550000000000000.0,0
569869510,16,570000000000000.0,0
569869510,17,580000000000000.0,1
569869510,18,580000000000000.0,0
569869510,19,590000000000000.0,1
569869510,20,590000000000000.0,0
569869510,21,590000000000000.0,0
569869510,22,600000000000000.0,1
569869510,23,600000000000000.0,0
569869510,25,610000000000000.0,1
569869510,27,610000000000000.0,1
569869510,28,610000000000000.0,0
569869510,29,160000000000000.0,0
569869510,30,140000000000000.0,0
569869510,31,120000000000000.0,0
569869510,33,80000000000000.0,0
569869510,34,60000000000000.0,0
569869510,35,50000000000000.0,0
569869510,36,50000000000000.0,0
569869510,37,50000000000000.0,0
569869510,38,70000000000000.0,0
569869510,39,90000000000000.0,4
569869510,40,110000000000000.0,6
569869510,41,130000000000000.0,8
569869510,42,150000000000000.0,10
569869510,43,170000000000000.0,11
569869510,44,190000000000000.0,13
569869510,45,210000000000000.0,15
569869510,46,230000000000000.0,15
569869510,47,80000000000000.0,0
569869510,48,90000000000000.0,0
569869510,49,100000000000000.0,2
569869510,50,100000000000000.0,1
569869510,51,100000000000000.0,1
569869510,52,100000000000000.0,2
569869510,53,140000000000000.0,8
569869510,54,140000000000000.0,7
569869510,55,140000000000000.0,7
569869510,56,140000000000000.0,7
569869510,57,231750000000000.0,0
569869510,58,235750000000000.0,0
569869510,59,231750000000000.0,0
569869510,60,235750000000000.0,0
569869510,62,400000000000000.0,0
569869510,63,400000000000000.0,0
569869510,64,400000000000000.0,0
569869510,65,400000000000000.0,0
569869510,66,400000000000000.0,0
569869510,67,400000000000000.0,0
569869510,68,400000000000000.0,0
569869510,69,400000000000000.0,0
569869510,70,400000000000000.0,0
569869510,71,400000000000000.0,0
569869510,74,50000000000000.0,0
576084692,4,800000000000000.0,0
576084692,5,800000000000000.0,0
576084692,6,800000000000000.0,0
576084692,7,100000000000000.0,0
576084692,8,200000000000000.0,0
576084692,9,300000000000000.0,0
576084692,10,400000000000000.0,1
576084692,11,350000000000000.0,0
576084692,12,370000000000000.0,0
576084692,13,390000000000000.0,0
576084692,14,400000000000000.0,0
576084692,15,410000000000000.0,0
576084692,16,430000000000000.0,1
576084692,17,420000000000000.0,1
576084692,18,420000000000000.0,0
576084692,19,420000000000000.0,1
576084692,20,420000000000000.0,1
576084692,21,420000000000000.0,1
576084692,22,420000000000000.0,0
576084692,23,420000000000000.0,0
576084692,24,420000000000000.0,0
576084692,25,430000000000000.0,1
576084692,27,430000000000000.0,1
576084692,28,430000000000000.0,0
576084692,29,430000000000000.0,1
576084692,30,430000000000000.0,0
576084692,31,430000000000000.0,0
576084692,32,430000000000000.0,1
576084692,33,430000000000000.0,0
576084692,34,430000000000000.0,0
576084692,35,160000000000000.0,0
576084692,37,120000000000000.0,0
576084692,38,100000000000000.0,0
576084692,39,80000000000000.0,0
576084692,40,60000000000000.0,0
576084692,41,50000000000000.0,0
576084692,42,50000000000000.0,0
576084692,43,50000000000000.0,0
576084692,44,70000000000000.0,0
576084692,45,90000000000000.0,0
576084692,46,110000000000000.0,1
576084692,47,130000000000000.0,2
576084692,49,170000000000000.0,4
576084692,51,210000000000000.0,5
576084692,52,230000000000000.0,6
576084692,53,249999984741210.94,14
576084692,54,100000000000000.0,0
576084692,55,110000000000000.0,0
576084692,56,119999992370605.47,1
576084692,57,119999992370605.47,1
576084692,58,119999992370605.47,1
576084692,59,119999992370605.47,1
576084692,60,119999992370605.47,1
576084692,61,119999992370605.47,1
576084692,62,160000000000000.0,3
576084692,63,160000000000000.0,2
576084692,64,160000000000000.0,2
576084692,65,278125000000000.0,0
576084692,66,282875000000000.0,0
576084692,67,278125000000000.0,0
576084692,68,282875000000000.0,0
576084692,69,278125000000000.0,0
576084692,70,282875000000000.0,0
576084692,72,400000000000000.0,0
576084692,73,400000000000000.0,0
576084692,74,400000000000000.0,0
576084692,75,400000000000000.0,0
576084692,76,400000000000000.0,0
576084692,77,400000000000000.0,0
576084692,78,400000000000000.0,0
576084692,79,400000000000000.0,0
576084692,80,400000000000000.0,0
576084692,81,400000000000000.0,0
576084692,82,430000000000000.0,0
576084692,83,450000000000000.0,1
576084692,84,450000000000000.0,0
576084692,85,450000000000000.0,0
576084692,86,460000000000000.0,0
576084692,87,460000000000000.0,0
576084692,88,460000000000000.0,0
576084692,89,460000000000000.0,0
576084692,90,460000000000000.0,0
576084692,91,460000000000000.0,0
576084692,92,460000000000000.0,0
576084692,93,460000000000000.0,0
576084692,94,460000000000000.0,0
576084692,95,460000000000000.0,0
576084692,96,460000000000000.0,0
576084692,97,460000000000000.0,0
576084692,98,460000000000000.0,0
576084692,99,460000000000000.0,0
576084692,100,460000000000000.0,0
576084692,101,460000000000000.0,0
576084692,102,460000000000000.0,0
576084692,103,460000000000000.0,0
576084692,104,460000000000000.0,0
576084692,105,460000000000000.0,0
576084692,106,460000000000000.0,0
576084692,111,50000000000000.0,0
576132827,5,800000000000000.0,0
576132827,6,800000000000000.0,0
576132827,7,800000000000000.0,0
576132827,8,100000000000000.0,0
576132827,9,200000000000000.0,0
576132827,10,300000000000000.0,0
576132827,11,400000000000000.0,0
576132827,12,499999969482421.9,0
576132827,13,600000000000000.0,0
576132827,14,700000000000000.0,0
576132827,15,800000000000000.0,0
576132827,16,900000000000000.0,0
576132827,17,999999938964843.8,0
576132827,18,1100000000000000.0,0
576132827,19,1200000000000000.0,1
576132827,20,1150000000000000.0,1
576132827,21,1130000000000000.0,1
576132827,22,1110000000000000.0,0
576132827,23,1130000000000000.0,0
576132827,24,1140000000000000.0,0
576132827,25,1150000000000000.0,0
576132827,26,1160000000000000.0,0
576132827,27,1170000000000000.0,0
576132827,28,1180000000000000.0,1
576132827,29,1180000000000000.0,1
576132827,31,1180000000000000.0,1
576132827,32,1180000000000000.0,0
576132827,33,1180000000000000.0,1
576132827,34,160000000000000.0,0
576132827,35,140000000000000.0,0
576132827,36,120000000000000.0,0
576132827,37,100000000000000.0,0
576132827,38,80000000000000.0,0
576132827,39,60000000000000.0,0
576132827,40,50000000000000.0,0
576132827,41,50000000000000.0,0
576132827,42,50000000000000.0,0
576132827,43,70000000000000.0,0
576132827,44,90000000000000.0,0
576132827,45,110000000000000.0,0
576132827,46,130000000000000.0,0
576132827,47,150000000000000.0,3
576132827,48,170000000000000.0,5
576132827,49,190000000000000.0,7
576132827,50,210000000000000.0,10
576132827,51,230000000000000.0,11
576132827,52,249999984741210.94,13
576132827,53,270000000000000.0,16
576132827,54,290000000000000.0,18
576132827,55,310000000000000.0,19
576132827,56,330000000000000.0,21
576132827,58,119999992370605.47,0
576132827,59,140000000000000.0,0
576132827,60,160000000000000.0,2
576132827,61,160000000000000.0,2
576132827,62,160000000000000.0,2
576132827,63,160000000000000.0,1
576132827,64,160000000000000.0,2
576132827,65,200000000000000.0,5
576132827,68,370875000000000.0,0
576132827,69,377250000000000.0,0
576132827,70,370875000000000.0,0
576132827,71,377250000000000.0,0
576132827,72,370875000000000.0,0
576132827,73,377250000000000.0,0
576132827,74,400000000000000.0,0
576132827,75,400000000000000.0,0
576132827,76,400000000000000.0,0
576132827,77,400000000000000.0,0
576132827,78,400000000000000.0,0
576132827,79,400000000000000.0,0
576132827,80,400000000000000.0,0
576132827,81,400000000000000.0,0
576132827,82,400000000000000.0,0
576132827,83,400000000000000.0,0
576132827,86,50000000000000.0,0
526785799,4,800000000000000.0,0
526785799,5,800000000000000.0,0
526785799,6,800000000000000.0,0
526785799,7,100000000000000.0,0
526785799,8,200000000000000.0,0
526785799,9,300000000000000.0,0
526785799,10,400000000000000.0,0
526785799,11,499999969482421.9,0
526785799,12,600000000000000.0,0
526785799,13,700000000000000.0,0
526785799,14,800000000000000.0,0
526785799,15,900000000000000.0,0
526785799,16,999999938964843.8,0
526785799,17,1100000000000000.0,0
526785799,18,1200000000000000.0,0
526785799,19,1300000000000000.0,0
526785799,20,1400000000000000.0,0
526785799,21,1500000000000000.0,0
526785799,22,1600000000000000.0,0
526785799,23,1700000000000000.0,0
526785799,24,1800000000000000.0,1
526785799,25,1700000000000000.0,0
526785799,26,1800000000000000.0,1
526785799,27,1800000000000000.0,1
526785799,28,1800000000000000.0,1
526785799,29,1800000000000000.0,1
526785799,30,1800000000000000.0,1
526785799,31,1800000000000000.0,1
526785799,32,160000000000000.0,0
526785799,33,140000000000000.0,0
526785799,34,120000000000000.0,0
526785799,35,100000000000000.0,0
526785799,36,80000000000000.0,0
526785799,38,50000000000000.0,0
526785799,39,50000000000000.0,0
526785799,40,50000000000000.0,0
526785799,41,70000000000000.0,0
526785799,42,90000000000000.0,0
526785799,43,110000000000000.0,0
526785799,44,130000000000000.0,0
526785799,46,170000000000000.0,0
526785799,47,190000000000000.0,0
526785799,48,210000000000000.0,0
526785799,49,230000000000000.0,1
526785799,50,249999984741210.94,1
526785799,51,270000000000000.0,1
526785799,52,290000000000000.0,1
526785799,53,310000000000000.0,1
526785799,54,330000000000000.0,2
526785799,55,350000000000000.0,2
526785799,56,370000000000000.0,2
526785799,57,390000000000000.0,3
526785799,58,260000000000000.0,1
526785799,59,260000000000000.0,1
526785799,60,260000000000000.0,1
526785799,61,260000000000000.0,1
526785799,63,613000000000000.0,0
526785799,65,613000000000000.0,0
526785799,66,602625000000000.0,0
526785799,67,613000000000000.0,0
526785799,71,400000000000000.0,0
526785799,72,400000000000000.0,0
526785799,73,340000000000000.0,1
526785799,74,340000000000000.0,1
526785799,75,340000000000000.0,1
526785799,76,340000000000000.0,1
526785799,77,380000000000000.0,1
526785799,78,380000000000000.0,1
526785799,79,380000000000000.0,1
526785799,80,380000000000000.0,1
526785799,81,420000000000000.0,1
526785799,82,420000000000000.0,1
526785799,83,420000000000000.0,1
526785799,84,420000000000000.0,1
526785799,85,2200000000000000.0,0
526785799,86,2200000000000000.0,0
526785799,87,2200000000000000.0,0
526785799,88,2200000000000000.0,0
526785799,89,2200000000000000.0,0
526785799,90,2200000000000000.0,0
526785799,91,2200000000000000.0,0
526785799,92,2200000000000000.0,0
526785799,93,2200000000000000.0,0
526785799,94,2200000000000000.0,0
526785799,95,2200000000000000.0,0
526785799,96,2200000000000000.0,0
526785799,97,2200000000000000.0,0
526785799,98,2200000000000000.0,0
526785799,99,2200000000000000.0,0
526785799,100,2200000000000000.0,0
526785799,101,2200000000000000.0,0
526785799,102,2200000000000000.0,0
526785799,103,2200000000000000.0,0
526785799,104,2200000000000000.0,0
526785799,105,2200000000000000.0,0
526785799,108,50000000000000.0,0
542086000,4,800000000000000.0,0
542086000,5,800000000000000.0,0
542086000,6,800000000000000.0,0
542086000,7,100000000000000.0,0
542086000,8,200000000000000.0,0
542086000,9,300000000000000.0,0
542086000,10,400000000000000.0,0
542086000,11,499999969482421.9,0
542086000,12,600000000000000.0,0
542086000,13,700000000000000.0,0
542086000,14,800000000000000.0,0
542086000,15,900000000000000.0,0
542086000,16,999999938964843.8,0
542086000,17,1100000000000000.0,0
542086000,19,1300000000000000.0,0
542086000,20,1400000000000000.0,0
542086000,21,1500000000000000.0,0
542086000,22,1600000000000000.0,0
542086000,23,1700000000000000.0,0
542086000,24,1800000000000000.0,0
542086000,25,1899999877929687.5,1
542086000,26,1850000000000000.0,1
542086000,27,1830000000000000.0,0
542086000,28,1840000000000000.0,0
542086000,29,1850000000000000.0,0
542086000,30,1899999877929687.5,0
542086000,31,1999999877929687.5,1
542086000,32,1949999877929687.5,1
542086000,34,1909999877929687.5,0
542086000,35,1919999877929687.5,0
542086000,36,1929999877929687.5,0
542086000,38,1949999877929687.5,0
542086000,39,1969999877929687.5,1
542086000,40,1969999877929687.5,1
542086000,41,1969999877929687.5,1
542086000,42,1969999877929687.5,0
542086000,43,1969999877929687.5,0
542086000,44,160000000000000.0,0
542086000,45,140000000000000.0,0
542086000,46,120000000000000.0,0
542086000,48,80000000000000.0,0
542086000,49,60000000000000.0,0
542086000,50,50000000000000.0,0
542086000,51,50000000000000.0,0
542086000,52,50000000000000.0,0
542086000,53,70000000000000.0,0
542086000,54,90000000000000.0,0
542086000,55,110000000000000.0,0
542086000,56,130000000000000.0,0
542086000,57,150000000000000.0,0
542086000,58,170000000000000.0,1
542086000,59,190000000000000.0,1
542086000,60,210000000000000.0,1
542086000,61,230000000000000.0,3
542086000,71,200000000000000.0,1
542086000,76,220000000000000.0,1
542086000,78,220000000000000.0,1
542086000,80,518625000000000.0,0
542086000,81,509874969482421.9,0
542086000,92,50000000000000.0,0
571500474,5,800000000000000.0,0
571500474,6,800000000000000.0,0
571500474,7,800000000000000.0,0
571500474,8,100000000000000.0,0
571500474,9,200000000000000.0,0
571500474,10,300000000000000.0,0
571500474,11,400000000000000.0,0
571500474,12,499999969482421.9,0
571500474,13,600000000000000.0,0
571500474,14,700000000000000.0,0
571500474,15,800000000000000.0,0
571500474,16,900000000000000.0,0
571500474,17,999999938964843.8,0
571500474,18,1100000000000000.0,1
571500474,19,999999938964843.8,0
571500474,20,1019999938964843.8,0
571500474,21,1050000000000000.0,0
571500474,29,1100000000000000.0,1
571500474,30,1100000000000000.0,1
571500474,33,160000000000000.0,0
571500474,34,140000000000000.0,0
571500474,36,100000000000000.0,0
571500474,37,80000000000000.0,0
571500474,38,60000000000000.0,0
571500474,41,50000000000000.0,0
571500474,42,70000000000000.0,0
571500474,43,90000000000000.0,0
571500474,44,110000000000000.0,0
571500474,45,130000000000000.0,1
571500474,46,150000000000000.0,6
571500474,47,170000000000000.0,9
571500474,48,190000000000000.0,12
571500474,49,210000000000000.0,14
571500474,50,230000000000000.0,16
571500474,52,270000000000000.0,19
571500474,53,130000000000000.0,1
571500474,54,130000000000000.0,1
571500474,55,130000000000000.0,1
571500474,56,130000000000000.0,0
571500474,57,170000000000000.0,8
571500474,58,170000000000000.0,8
571500474,59,170000000000000.0,8
571500474,60,170000000000000.0,8
571500474,61,301375000000000.0,0
571500474,62,306500000000000.0,0
571500474,66,400000000000000.0,0
571500474,78,50000000000000.0,0
548494556,4,800000000000000.0,0
548494556,5,800000000000000.0,0
548494556,6,800000000000000.0,0
548494556,7,100000000000000.0,0
548494556,8,200000000000000.0,0
548494556,9,300000000000000.0,0
548494556,10,400000000000000.0,0
548494556,11,499999969482421.9,0
548494556,12,600000000000000.0,0
548494556,13,700000000000000.0,0
548494556,14,800000000000000.0,0
548494556,15,900000000000000.0,0
548494556,16,999999938964843.8,1
548494556,17,949999938964843.8,0
548494556,18,969999938964843.8,1
548494556,19,959999938964843.8,0
548494556,20,969999938964843.8,1
548494556,21,969999938964843.8,1
548494556,22,969999938964843.8,1
548494556,23,969999938964843.8,1
548494556,24,969999938964843.8,0
548494556,25,160000000000000.0,0
548494556,26,140000000000000.0,0
548494556,27,120000000000000.0,0
548494556,28,100000000000000.0,0
548494556,29,80000000000000.0,0
548494556,30,60000000000000.0,0
548494556,31,50000000000000.0,0
548494556,32,50000000000000.0,0
548494556,33,50000000000000.0,0
548494556,34,70000000000000.0,0
548494556,35,90000000000000.0,0
548494556,36,110000000000000.0,0
548494556,37,130000000000000.0,1
548494556,38,150000000000000.0,1
548494556,39,170000000000000.0,2
548494556,40,190000000000000.0,3
548494556,41,210000000000000.0,4
548494556,42,230000000000000.0,4
548494556,43,249999984741210.94,7
548494556,44,270000000000000.0,10
548494556,45,119999992370605.47,0
548494556,46,130000000000000.0,0
548494556,47,140000000000000.0,0
548494556,48,150000000000000.0,1
548494556,49,150000000000000.0,1
548494556,50,150000000000000.0,1
548494556,51,150000000000000.0,0
548494556,52,150000000000000.0,1
548494556,53,347625000000000.0,0
548494556,54,353625000000000.0,0
548494556,55,347625000000000.0,0
548494556,56,353625000000000.0,0
548494556,57,347625000000000.0,0
548494556,58,353625000000000.0,0
548494556,59,347625000000000.0,0
548494556,60,353625000000000.0,0
548494556,62,400000000000000.0,0
548494556,63,400000000000000.0,0
548494556,66,50000000000000.0,0
548494556,67,50000000000000.0,0
531532489,4,800000000000000.0,0
531532489,5,800000000000000.0,0
531532489,6,800000000000000.0,0
531532489,7,100000000000000.0,0
531532489,8,200000000000000.0,0
531532489,9,300000000000000.0,0
531532489,10,400000000000000.0,0
531532489,11,499999969482421.9,0
531532489,12,600000000000000.0,0
531532489,13,700000000000000.0,0
531532489,14,800000000000000.0,0
531532489,15,900000000000000.0,0
531532489,16,999999938964843.8,3
531532489,17,949999938964843.8,0
531532489,18,969999938964843.8,0
531532489,19,989999938964843.8,3
531532489,20,979999938964843.8,2
531532489,21,979999938964843.8,0
531532489,22,979999938964843.8,0
531532489,23,989999938964843.8,0
531532489,24,999999938964843.8,0
531532489,25,1019999938964843.8,2
531532489,26,1009999938964843.8,2
531532489,27,1009999938964843.8,2
531532489,28,1009999938964843.8,2
531532489,29,1009999938964843.8,2
531532489,30,1009999938964843.8,2
531532489,31,160000000000000.0,0
531532489,32,140000000000000.0,0
531532489,33,120000000000000.0,0
531532489,34,100000000000000.0,0
531532489,35,80000000000000.0,0
531532489,36,60000000000000.0,0
531532489,37,50000000000000.0,0
531532489,38,50000000000000.0,0
531532489,39,50000000000000.0,0
531532489,40,70000000000000.0,0
531532489,41,90000000000000.0,0
531532489,42,110000000000000.0,0
531532489,43,130000000000000.0,2
531532489,44,150000000000000.0,3
531532489,45,170000000000000.0,3
531532489,46,190000000000000.0,3
531532489,47,210000000000000.0,7
531532489,48,230000000000000.0,9
531532489,49,249999984741210.94,11
531532489,50,270000000000000.0,14
531532489,51,119999992370605.47,0
531532489,52,130000000000000.0,2
531532489,53,130000000000000.0,2
531532489,54,130000000000000.0,2
531532489,55,130000000000000.0,2
531532489,56,301375000000000.0,0
531532489,57,306500000000000.0,0
531532489,58,301375000000000.0,0
531532489,59,306500000000000.0,0
531532489,60,301375000000000.0,0
531532489,61,306500000000000.0,0
531532489,62,301375000000000.0,0
531532489,63,306500000000000.0,0
531532489,66,50000000000000.0,0
528637071,4,800000000000000.0,0
528637071,5,800000000000000.0,0
528637071,6,800000000000000.0,0
528637071,7,100000000000000.0,0
528637071,8,200000000000000.0,0
528637071,9,300000000000000.0,0
528637071,10,400000000000000.0,0
528637071,11,499999969482421.9,0
528637071,12,600000000000000.0,0
528637071,13,700000000000000.0,0
528637071,14,800000000000000.0,0
528637071,15,900000000000000.0,0
528637071,16,999999938964843.8,0
528637071,17,1100000000000000.0,0
528637071,18,1200000000000000.0,0
528637071,19,1300000000000000.0,0
528637071,20,1400000000000000.0,1
528637071,21,1400000000000000.0,1
528637071,22,1300000000000000.0,0
528637071,23,1350000000000000.0,1
528637071,24,1330000000000000.0,1
528637071,26,1310000000000000.0,1
528637071,27,1310000000000000.0,1
528637071,29,1310000000000000.0,1
528637071,30,160000000000000.0,0
528637071,31,140000000000000.0,0
528637071,32,120000000000000.0,0
528637071,33,100000000000000.0,0
528637071,34,80000000000000.0,0
528637071,35,60000000000000.0,0
528637071,36,50000000000000.0,0
528637071,37,50000000000000.0,0
528637071,38,50000000000000.0,0
528637071,39,70000000000000.0,0
528637071,40,90000000000000.0,0
528637071,41,110000000000000.0,0
528637071,42,130000000000000.0,0
528637071,43,150000000000000.0,1
528637071,44,170000000000000.0,1
528637071,45,190000000000000.0,1
528637071,46,210000000000000.0,1
528637071,47,230000000000000.0,2
528637071,48,249999984741210.94,2
528637071,49,270000000000000.0,3
528637071,53,170000000000000.0,1
528637071,54,170000000000000.0,1
528637071,55,170000000000000.0,1
528637071,56,170000000000000.0,1
528637071,60,400750000000000.0,0
528637071,62,400000000000000.0,0
528637071,63,400000000000000.0,0
528637071,66,50000000000000.0,0
548459652,5,800000000000000.0,0
548459652,6,800000000000000.0,0
548459652,7,800000000000000.0,0
548459652,8,800000000000000.0,0
548459652,9,100000000000000.0,0
548459652,10,200000000000000.0,0
548459652,11,300000000000000.0,0
548459652,12,400000000000000.0,0
548459652,13,499999969482421.9,0
548459652,14,600000000000000.0,0
548459652,15,700000000000000.0,0
548459652,16,800000000000000.0,0
548459652,17,900000000000000.0,0
548459652,18,999999938964843.8,0
548459652,19,1100000000000000.0,0
548459652,20,1200000000000000.0,0
548459652,21,1300000000000000.0,0
548459652,22,1400000000000000.0,0
548459652,23,1500000000000000.0,0
548459652,24,1600000000000000.0,0
548459652,25,1700000000000000.0,0
548459652,26,1800000000000000.0,0
548459652,27,1899999877929687.5,1
548459652,28,1700000000000000.0,0
548459652,29,1800000000000000.0,1
548459652,30,1800000000000000.0,0
548459652,31,1800000000000000.0,0
548459652,32,1800000000000000.0,0
548459652,33,1800000000000000.0,0
548459652,34,160000000000000.0,0
548459652,35,140000000000000.0,0
548459652,36,120000000000000.0,0
548459652,37,100000000000000.0,0
548459652,38,80000000000000.0,0
548459652,39,60000000000000.0,0
548459652,40,50000000000000.0,0
548459652,41,50000000000000.0,0
548459652,42,50000000000000.0,0
548459652,43,70000000000000.0,0
548459652,44,90000000000000.0,0
548459652,45,110000000000000.0,0
548459652,46,130000000000000.0,0
548459652,48,170000000000000.0,0
548459652,49,190000000000000.0,0
548459652,50,210000000000000.0,0
548459652,51,230000000000000.0,0
548459652,52,249999984741210.94,0
548459652,53,270000000000000.0,0
548459652,54,290000000000000.0,0
548459652,55,310000000000000.0,1
548459652,56,330000000000000.0,1
548459652,57,350000000000000.0,1
548459652,58,370000000000000.0,1
548459652,59,390000000000000.0,1
548459652,60,410000000000000.0,1
548459652,61,430000000000000.0,1
548459652,62,450000000000000.0,1
548459652,63,320000000000000.0,0
548459652,64,340000000000000.0,1
548459652,67,788125000000000.0,0
548459652,68,801625000000000.0,0
548459652,71,788125000000000.0,0
548459652,72,801625000000000.0,0
548459652,73,400000000000000.0,0
548459652,74,400000000000000.0,0
548459652,77,340000000000000.0,1
548459652,78,340000000000000.0,1
548459652,79,340000000000000.0,1
548459652,80,340000000000000.0,1
548459652,81,380000000000000.0,1
548459652,82,380000000000000.0,1
548459652,83,380000000000000.0,1
548459652,84,380000000000000.0,1
548459652,88,50000000000000.0,0
517693603,4,800000000000000.0,0
517693603,5,800000000000000.0,0
517693603,6,800000000000000.0,0
517693603,7,100000000000000.0,0
517693603,8,200000000000000.0,0
517693603,9,300000000000000.0,0
517693603,10,400000000000000.0,0
517693603,11,499999969482421.9,0
517693603,12,600000000000000.0,0
517693603,13,700000000000000.0,0
517693603,14,800000000000000.0,0
517693603,15,900000000000000.0,0
517693603,16,999999938964843.8,0
517693603,17,1100000000000000.0,0
517693603,18,1200000000000000.0,1
517693603,19,1150000000000000.0,1
517693603,20,1130000000000000.0,0
517693603,21,1140000000000000.0,0
517693603,22,1150000000000000.0,0
517693603,23,1160000000000000.0,0
517693603,24,1170000000000000.0,0
517693603,25,1190000000000000.0,1
517693603,26,1180000000000000.0,0
517693603,27,1190000000000000.0,0
517693603,28,1200000000000000.0,0
517693603,29,1210000000000000.0,0
517693603,30,1230000000000000.0,1
517693603,31,1220000000000000.0,0
517693603,32,1230000000000000.0,0
517693603,33,1240000000000000.0,1
517693603,34,1240000000000000.0,1
517693603,35,1240000000000000.0,1
517693603,36,1240000000000000.0,1
517693603,37,1240000000000000.0,1
517693603,38,160000000000000.0,0
517693603,39,140000000000000.0,0
517693603,40,120000000000000.0,0
517693603,41,100000000000000.0,0
517693603,42,80000000000000.0,0
517693603,43,60000000000000.0,0
517693603,44,50000000000000.0,0
517693603,45,50000000000000.0,0
517693603,46,50000000000000.0,0
517693603,47,70000000000000.0,0
517693603,48,90000000000000.0,0
517693603,49,110000000000000.0,0
517693603,50,130000000000000.0,0
517693603,51,150000000000000.0,0
517693603,52,170000000000000.0,0
517693603,53,190000000000000.0,0
517693603,54,210000000000000.0,0
517693603,55,230000000000000.0,0
517693603,56,249999984741210.94,1
517693603,57,270000000000000.0,5
517693603,58,290000000000000.0,7
517693603,59,310000000000000.0,9
517693603,60,330000000000000.0,10
517693603,61,350000000000000.0,12
517693603,62,370000000000000.0,13
517693603,63,390000000000000.0,14
517693603,64,239999984741210.94,0
517693603,65,249999984741210.94,1
517693603,66,249999984741210.94,1
517693603,67,249999984741210.94,1
517693603,68,249999984741210.94,1
517693603,69,579500000000000.0,0
517693603,70,589375000000000.0,0
517693603,71,579500000000000.0,0
517693603,72,589375000000000.0,0
517693603,73,579500000000000.0,0
517693603,74,589375000000000.0,0
517693603,75,579500000000000.0,0
517693603,78,400000000000000.0,0
517693603,79,400000000000000.0,0
517693603,80,249999984741210.94,0
517693603,81,270000000000000.0,0
517693603,82,290000000000000.0,0
517693603,83,310000000000000.0,1
517693603,84,310000000000000.0,1
517693603,85,310000000000000.0,0
517693603,86,320000000000000.0,1
517693603,87,320000000000000.0,0
517693603,88,330000000000000.0,1
517693603,89,330000000000000.0,1
517693603,90,330000000000000.0,1
517693603,91,330000000000000.0,1
517693603,92,370000000000000.0,3
517693603,93,370000000000000.0,2
517693603,94,370000000000000.0,2
517693603,95,370000000000000.0,1
517693603,96,410000000000000.0,5
517693603,97,410000000000000.0,3
517693603,98,410000000000000.0,2
517693603,99,410000000000000.0,2
517693603,100,1240000000000000.0,0
517693603,101,1280000000000000.0,0
517693603,102,1300000000000000.0,0
517693603,103,1320000000000000.0,0
517693603,104,1350000000000000.0,0
517693603,105,1400000000000000.0,0
517693603,106,1450000000000000.0,0
517693603,107,1500000000000000.0,0
517693603,108,1550000000000000.0,1
517693603,109,1530000000000000.0,1
517693603,110,1510000000000000.0,0
517693603,112,1530000000000000.0,1
517693603,113,1530000000000000.0,0
517693603,114,1540000000000000.0,0
517693603,115,1540000000000000.0,0
517693603,116,1540000000000000.0,0
517693603,117,1540000000000000.0,0
517693603,118,1540000000000000.0,0
517693603,119,1540000000000000.0,0
517693603,120,1540000000000000.0,0
517693603,121,1540000000000000.0,0
517693603,122,1540000000000000.0,0
517693603,123,1540000000000000.0,0
517693603,124,1540000000000000.0,0
517693603,125,1540000000000000.0,0
517693603,126,1540000000000000.0,0
517693603,127,1540000000000000.0,0
517693603,128,1540000000000000.0,0
517693603,129,1540000000000000.0,0
517693603,130,1540000000000000.0,0
517693603,131,1540000000000000.0,0
517693603,132,1540000000000000.0,0
517693603,133,1540000000000000.0,0
517693603,134,1540000000000000.0,0
517693603,137,50000000000000.0,0
542142697,5,800000000000000.0,0
542142697,6,800000000000000.0,0
542142697,7,800000000000000.0,0
542142697,8,100000000000000.0,0
542142697,9,200000000000000.0,0
542142697,10,300000000000000.0,0
542142697,11,400000000000000.0,0
542142697,12,499999969482421.9,1
542142697,16,460000000000000.0,1
542142697,17,460000000000000.0,1
542142697,18,460000000000000.0,1
542142697,19,460000000000000.0,1
542142697,20,460000000000000.0,1
542142697,21,160000000000000.0,0
542142697,22,140000000000000.0,0
542142697,23,120000000000000.0,0
542142697,26,60000000000000.0,0
542142697,27,50000000000000.0,0
542142697,28,50000000000000.0,0
542142697,29,50000000000000.0,0
542142697,31,90000000000000.0,1
542142697,32,110000000000000.0,5
542142697,33,130000000000000.0,20
542142697,34,150000000000000.0,27
542142697,35,170000000000000.0,36
542142697,36,190000000000000.0,44
542142697,37,210000000000000.0,50
542142697,38,80000000000000.0,0
542142697,39,90000000000000.0,0
542142697,40,100000000000000.0,1
542142697,41,100000000000000.0,1
542142697,42,100000000000000.0,1
542142697,44,231750000000000.0,0
542142697,45,235750000000000.0,0
542142697,46,231750000000000.0,0
542142697,47,235750000000000.0,0
542142697,48,231750000000000.0,0
542142697,54,400000000000000.0,0
542142697,58,50000000000000.0,0
567763632,5,800000000000000.0,0
567763632,6,800000000000000.0,0
567763632,7,800000000000000.0,0
567763632,8,100000000000000.0,0
567763632,9,200000000000000.0,0
567763632,10,300000000000000.0,0
567763632,11,400000000000000.0,0
567763632,12,499999969482421.9,0
567763632,13,600000000000000.0,0
567763632,14,700000000000000.0,0
567763632,15,800000000000000.0,0
567763632,16,900000000000000.0,2
567763632,17,850000000000000.0,0
567763632,18,870000000000000.0,0
567763632,20,880000000000000.0,0
567763632,21,890000000000000.0,0
567763632,22,900000000000000.0,2
567763632,23,900000000000000.0,0
567763632,24,900000000000000.0,0
567763632,25,900000000000000.0,0
567763632,26,910000000000000.0,0
567763632,27,920000000000000.0,0
567763632,28,930000000000000.0,0
567763632,29,939999938964843.8,2
567763632,33,939999938964843.8,0
567763632,34,939999938964843.8,0
567763632,35,939999938964843.8,0
567763632,36,949999938964843.8,0
567763632,37,959999938964843.8,0
567763632,39,979999938964843.8,1
567763632,44,160000000000000.0,0
567763632,46,120000000000000.0,0
567763632,47,100000000000000.0,0
567763632,51,50000000000000.0,0
567763632,53,70000000000000.0,0
567763632,54,90000000000000.0,1
567763632,55,110000000000000.0,3
567763632,56,130000000000000.0,5
567763632,57,150000000000000.0,7
567763632,58,170000000000000.0,8
567763632,59,190000000000000.0,10
567763632,60,210000000000000.0,12
567763632,61,230000000000000.0,13
567763632,62,80000000000000.0,0
567763632,63,90000000000000.0,1
567763632,64,90000000000000.0,1
567763632,65,90000000000000.0,1
567763632,66,90000000000000.0,1
567763632,68,130000000000000.0,3
567763632,69,130000000000000.0,4
567763632,70,208624984741210.94,0
567763632,71,212250000000000.0,0
567763632,72,208624984741210.94,0
567763632,75,400000000000000.0,0
567763632,76,400000000000000.0,0
567763632,77,400000000000000.0,0
567763632,78,400000000000000.0,0
567763632,79,400000000000000.0,0
567763632,80,400000000000000.0,0
567763632,81,400000000000000.0,0
567763632,82,400000000000000.0,0
567763632,83,400000000000000.0,0
567763632,84,400000000000000.0,0
567763632,89,50000000000000.0,0
520636424,4,800000000000000.0,0
520636424,5,800000000000000.0,0
520636424,6,800000000000000.0,0
520636424,7,100000000000000.0,0
520636424,8,200000000000000.0,0
520636424,9,300000000000000.0,0
520636424,10,400000000000000.0,0
520636424,11,499999969482421.9,0
520636424,12,600000000000000.0,0
520636424,13,700000000000000.0,0
520636424,14,800000000000000.0,0
520636424,15,900000000000000.0,0
520636424,16,999999938964843.8,0
520636424,17,1100000000000000.0,0
520636424,18,1200000000000000.0,0
520636424,19,1300000000000000.0,0
520636424,21,1400000000000000.0,2
520636424,22,1400000000000000.0,2
520636424,23,1400000000000000.0,2
520636424,25,1400000000000000.0,2
520636424,26,160000000000000.0,0
520636424,29,100000000000000.0,0
520636424,30,80000000000000.0,0
520636424,31,60000000000000.0,0
520636424,32,50000000000000.0,0
520636424,33,50000000000000.0,0
520636424,35,70000000000000.0,0
520636424,36,90000000000000.0,0
520636424,37,110000000000000.0,0
520636424,41,190000000000000.0,2
520636424,43,230000000000000.0,3
520636424,46,140000000000000.0,2
520636424,47,140000000000000.0,2
520636424,48,140000000000000.0,2
520636424,49,140000000000000.0,2
520636424,52,324375000000000.0,0
520636424,54,324375000000000.0,0
520636424,56,324375000000000.0,0
520636424,59,400000000000000.0,0
520636424,60,400000000000000.0,0
520636424,61,140000000000000.0,2
520636424,63,140000000000000.0,2
520636424,64,140000000000000.0,2
520636424,65,180000000000000.0,5
520636424,66,180000000000000.0,6
520636424,67,180000000000000.0,6
520636424,68,180000000000000.0,5
520636424,69,220000000000000.0,7
520636424,70,220000000000000.0,7
520636424,71,220000000000000.0,7
520636424,75,50000000000000.0,0
576120358,6,800000000000000.0,0
576120358,7,800000000000000.0,0
576120358,8,800000000000000.0,0
576120358,9,100000000000000.0,0
576120358,10,200000000000000.0,0
576120358,11,300000000000000.0,0
576120358,12,400000000000000.0,0
576120358,13,499999969482421.9,0
576120358,14,600000000000000.0,1
576120358,15,550000000000000.0,0
576120358,16,600000000000000.0,0
576120358,17,650000000000000.0,1
576120358,18,630000000000000.0,0
576120358,19,640000000000000.0,1
576120358,20,640000000000000.0,1
576120358,21,640000000000000.0,1
576120358,22,640000000000000.0,1
576120358,23,640000000000000.0,0
576120358,24,640000000000000.0,0
576120358,25,160000000000000.0,0
576120358,26,140000000000000.0,0
576120358,27,120000000000000.0,0
576120358,28,100000000000000.0,0
576120358,29,80000000000000.0,0
576120358,30,60000000000000.0,0
576120358,31,50000000000000.0,0
576120358,32,50000000000000.0,0
576120358,33,50000000000000.0,0
576120358,34,70000000000000.0,0
576120358,35,90000000000000.0,2
576120358,36,110000000000000.0,5
576120358,37,130000000000000.0,7
576120358,38,150000000000000.0,9
576120358,39,170000000000000.0,10
576120358,40,190000000000000.0,13
576120358,41,210000000000000.0,14
576120358,42,230000000000000.0,15
576120358,43,80000000000000.0,0
576120358,44,90000000000000.0,1
576120358,45,90000000000000.0,1
576120358,46,90000000000000.0,1
576120358,47,90000000000000.0,1
576120358,48,130000000000000.0,5
576120358,49,130000000000000.0,6
576120358,50,130000000000000.0,5
576120358,51,130000000000000.0,5
576120358,52,170000000000000.0,9
576120358,53,170000000000000.0,9
576120358,54,90000000000000.0,1
576120358,55,208624984741210.94,0
576120358,56,212250000000000.0,0
576120358,58,208624984741210.94,0
576120358,73,50000000000000.0,0
508376177,3,800000000000000.0,0
508376177,4,800000000000000.0,0
508376177,5,800000000000000.0,0
508376177,6,100000000000000.0,0
508376177,7,200000000000000.0,0
508376177,8,300000000000000.0,0
508376177,9,400000000000000.0,0
508376177,10,499999969482421.9,0
508376177,11,600000000000000.0,0
508376177,12,700000000000000.0,0
508376177,13,800000000000000.0,0
508376177,14,900000000000000.0,0
508376177,15,999999938964843.8,0
508376177,16,1100000000000000.0,0
508376177,17,1200000000000000.0,0
508376177,18,1300000000000000.0,0
508376177,19,1400000000000000.0,0
508376177,20,1500000000000000.0,0
508376177,21,1600000000000000.0,0
508376177,22,1700000000000000.0,0
508376177,24,1899999877929687.5,1
508376177,25,1899999877929687.5,1
508376177,26,1899999877929687.5,1
508376177,27,1899999877929687.5,1
508376177,28,1899999877929687.5,1
508376177,29,160000000000000.0,0
508376177,30,140000000000000.0,0
508376177,31,120000000000000.0,0
508376177,32,100000000000000.0,0
508376177,33,80000000000000.0,0
508376177,34,60000000000000.0,0
508376177,35,50000000000000.0,0
508376177,37,50000000000000.0,0
508376177,38,70000000000000.0,0
508376177,39,90000000000000.0,0
508376177,40,110000000000000.0,0
508376177,41,130000000000000.0,1
508376177,42,150000000000000.0,1
508376177,43,170000000000000.0,1
508376177,46,230000000000000.0,7
508376177,47,249999984741210.94,8
508376177,48,270000000000000.0,9
508376177,49,150000000000000.0,1
508376177,50,150000000000000.0,1
508376177,51,150000000000000.0,1
508376177,52,150000000000000.0,1
508376177,56,353750000000000.0,0
508376177,61,400000000000000.0,0
508376177,64,140000000000000.0,1
508376177,66,140000000000000.0,1
508376177,67,140000000000000.0,1
508376177,68,180000000000000.0,1
508376177,69,180000000000000.0,1
508376177,70,180000000000000.0,1
508376177,71,180000000000000.0,1
508376177,74,220000000000000.0,3
508376177,75,220000000000000.0,2
508376177,77,601249938964843.8,0
508376177,79,2500000000000000.0,0
508376177,80,2500000000000000.0,0
508376177,81,2500000000000000.0,0
508376177,82,2500000000000000.0,0
508376177,83,2500000000000000.0,0
508376177,84,2500000000000000.0,0
508376177,85,2500000000000000.0,0
508376177,86,2500000000000000.0,0
508376177,87,2500000000000000.0,0
508376177,88,2500000000000000.0,0
508376177,89,2500000000000000.0,0
508376177,90,2500000000000000.0,0
508376177,91,2500000000000000.0,0
508376177,92,2500000000000000.0,0
508376177,93,2500000000000000.0,0
508376177,94,2500000000000000.0,0
508376177,95,2500000000000000.0,0
508376177,96,2500000000000000.0,0
508376177,97,2500000000000000.0,0
508376177,98,2500000000000000.0,0
508376177,99,2500000000000000.0,0
508376177,102,50000000000000.0,0
539547437,4,800000000000000.0,0
539547437,5,800000000000000.0,0
539547437,6,800000000000000.0,0
539547437,7,100000000000000.0,0
539547437,8,200000000000000.0,0
539547437,9,300000000000000.0,0
539547437,10,400000000000000.0,0
539547437,11,499999969482421.9,0
539547437,12,600000000000000.0,0
539547437,13,700000000000000.0,0
539547437,14,800000000000000.0,0
539547437,15,900000000000000.0,0
539547437,16,999999938964843.8,0
539547437,17,1100000000000000.0,0
539547437,18,1200000000000000.0,0
539547437,19,1300000000000000.0,0
539547437,20,1400000000000000.0,0
539547437,21,1500000000000000.0,0
539547437,22,1600000000000000.0,0
539547437,23,1700000000000000.0,0
539547437,24,1800000000000000.0,0
539547437,25,1899999877929687.5,0
539547437,26,1999999877929687.5,0
539547437,27,2100000000000000.0,0
539547437,28,2200000000000000.0,0
539547437,29,2300000000000000.0,0
539547437,30,2400000000000000.0,0
539547437,31,2500000000000000.0,1
539547437,32,2450000000000000.0,1
539547437,33,2450000000000000.0,1
539547437,34,2430000000000000.0,1
539547437,35,2410000000000000.0,0
539547437,36,2420000000000000.0,0
539547437,37,2430000000000000.0,0
539547437,38,2440000000000000.0,0
539547437,39,2450000000000000.0,0
539547437,40,2460000000000000.0,0
539547437,41,2470000000000000.0,1
539547437,42,2470000000000000.0,0
539547437,43,2480000000000000.0,0
539547437,44,2490000000000000.0,0
539547437,45,2500000000000000.0,0
539547437,46,2510000000000000.0,0
539547437,47,2520000000000000.0,0
539547437,48,2530000000000000.0,0
539547437,49,2540000000000000.0,0
539547437,50,2550000000000000.0,0
539547437,51,2560000000000000.0,0
539547437,52,2570000000000000.0,0
539547437,53,2580000000000000.0,1
539547437,54,2580000000000000.0,1
539547437,55,2580000000000000.0,0
539547437,56,2580000000000000.0,0
539547437,57,2580000000000000.0,0
539547437,58,2590000000000000.0,0
539547437,59,2650000000000000.0,1
539547437,60,2630000000000000.0,1
539547437,61,2610000000000000.0,1
539547437,62,2610000000000000.0,1
539547437,63,2610000000000000.0,0
539547437,64,2610000000000000.0,0
539547437,65,2630000000000000.0,0
539547437,66,2650000000000000.0,1
539547437,71,160000000000000.0,0
539547437,72,140000000000000.0,0
539547437,73,120000000000000.0,0
539547437,74,100000000000000.0,0
539547437,75,80000000000000.0,0
539547437,77,50000000000000.0,0
539547437,78,50000000000000.0,0
539547437,79,50000000000000.0,0
539547437,80,70000000000000.0,0
539547437,81,90000000000000.0,0
539547437,82,110000000000000.0,0
539547437,83,130000000000000.0,0
539547437,84,150000000000000.0,0
539547437,85,170000000000000.0,0
539547437,86,190000000000000.0,0
539547437,87,210000000000000.0,0
539547437,88,230000000000000.0,0
539547437,89,249999984741210.94,0
539547437,90,270000000000000.0,0
539547437,91,290000000000000.0,0
539547437,92,310000000000000.0,0
539547437,93,330000000000000.0,0
539547437,94,350000000000000.0,0
539547437,95,370000000000000.0,0
539547437,96,390000000000000.0,0
539547437,97,410000000000000.0,0
539547437,98,430000000000000.0,0
539547437,99,450000000000000.0,0
539547437,100,469999969482421.9,0
539547437,101,489999969482421.9,0
539547437,102,509999969482421.9,0
539547437,103,530000000000000.0,0
539547437,104,550000000000000.0,0
539547437,105,570000000000000.0,0
539547437,106,590000000000000.0,0
539547437,107,610000000000000.0,2
539547437,108,630000000000000.0,2
539547437,109,650000000000000.0,2
539547437,110,670000000000000.0,2
539547437,111,690000000000000.0,2
539547437,112,710000000000000.0,2
539547437,113,730000000000000.0,2
539547437,114,750000000000000.0,2
539547437,115,600000000000000.0,0
539547437,116,620000000000000.0,0
539547437,117,630000000000000.0,0
539547437,118,640000000000000.0,0
539547437,119,650000000000000.0,2
539547437,120,650000000000000.0,2
539547437,121,650000000000000.0,2
539547437,122,650000000000000.0,2
539547437,123,1506625000000000.0,0
539547437,124,1532500000000000.0,0
539547437,125,1506625000000000.0,0
539547437,126,1532500000000000.0,0
539547437,127,1506625000000000.0,0
539547437,128,1532500000000000.0,0
539547437,129,1506625000000000.0,0
539547437,130,1532500000000000.0,0
539547437,132,400000000000000.0,0
539547437,133,400000000000000.0,0
539547437,136,50000000000000.0,0
548473245,5,800000000000000.0,0
548473245,6,800000000000000.0,0
548473245,7,800000000000000.0,0
548473245,8,100000000000000.0,0
548473245,9,200000000000000.0,0
548473245,10,300000000000000.0,0
548473245,11,400000000000000.0,0
548473245,12,499999969482421.9,0
548473245,13,600000000000000.0,0
548473245,14,700000000000000.0,0
548473245,15,800000000000000.0,1
548473245,16,750000000000000.0,0
548473245,17,750000000000000.0,0
548473245,18,770000000000000.0,1
548473245,19,760000000000000.0,0
548473245,20,770000000000000.0,0
548473245,21,780000000000000.0,0
548473245,22,790000000000000.0,0
548473245,23,800000000000000.0,1
548473245,24,800000000000000.0,0
548473245,25,810000000000000.0,1
548473245,26,810000000000000.0,0
548473245,27,820000000000000.0,1
548473245,28,820000000000000.0,1
548473245,29,820000000000000.0,1
548473245,30,820000000000000.0,1
548473245,31,820000000000000.0,1
548473245,32,160000000000000.0,0
548473245,33,140000000000000.0,0
548473245,34,120000000000000.0,0
548473245,35,100000000000000.0,0
548473245,36,80000000000000.0,0
548473245,37,60000000000000.0,0
548473245,38,50000000000000.0,0
548473245,39,50000000000000.0,0
548473245,40,50000000000000.0,0
548473245,41,70000000000000.0,0
548473245,42,90000000000000.0,0
548473245,43,110000000000000.0,1
548473245,44,130000000000000.0,3
548473245,45,150000000000000.0,8
548473245,46,170000000000000.0,11
548473245,47,190000000000000.0,13
548473245,48,210000000000000.0,16
548473245,49,230000000000000.0,17
548473245,50,249999984741210.94,19
548473245,51,100000000000000.0,0
548473245,52,110000000000000.0,0
548473245,53,119999992370605.47,1
548473245,54,119999992370605.47,1
548473245,55,119999992370605.47,1
548473245,56,119999992370605.47,1
548473245,57,278125000000000.0,0
548473245,58,282875000000000.0,0
548473245,59,278125000000000.0,0
548473245,60,282875000000000.0,0
548473245,62,282875000000000.0,0
548473245,63,278125000000000.0,0
548473245,66,400000000000000.0,0
548473245,67,400000000000000.0,0
548473245,71,50000000000000.0,0
541551362,4,800000000000000.0,0
541551362,5,800000000000000.0,0
541551362,6,800000000000000.0,0
541551362,7,100000000000000.0,0
541551362,8,200000000000000.0,0
541551362,9,300000000000000.0,0
541551362,10,400000000000000.0,0
541551362,11,499999969482421.9,0
541551362,12,600000000000000.0,1
541551362,13,550000000000000.0,0
541551362,14,560000000000000.0,0
541551362,15,570000000000000.0,0
541551362,16,580000000000000.0,0
541551362,17,590000000000000.0,0
541551362,18,600000000000000.0,0
541551362,19,610000000000000.0,1
541551362,20,610000000000000.0,1
541551362,21,610000000000000.0,1
541551362,22,610000000000000.0,0
541551362,25,160000000000000.0,0
541551362,26,140000000000000.0,0
541551362,27,120000000000000.0,0
541551362,28,100000000000000.0,0
541551362,29,80000000000000.0,0
541551362,30,60000000000000.0,0
541551362,31,50000000000000.0,0
541551362,32,50000000000000.0,0
541551362,33,50000000000000.0,0
541551362,34,70000000000000.0,0
541551362,35,90000000000000.0,6
541551362,36,110000000000000.0,11
541551362,37,130000000000000.0,17
541551362,38,150000000000000.0,20
541551362,39,170000000000000.0,25
541551362,40,190000000000000.0,29
541551362,41,210000000000000.0,32
541551362,42,230000000000000.0,36
541551362,43,80000000000000.0,1
541551362,44,70000000000000.0,0
541551362,45,80000000000000.0,1
541551362,46,80000000000000.0,1
541551362,47,80000000000000.0,1
541551362,48,80000000000000.0,0
541551362,49,80000000000000.0,1
541551362,51,188625000000000.0,0
541551362,52,185375000000000.0,0
541551362,53,188625000000000.0,0
541551362,59,400000000000000.0,0
541551362,60,400000000000000.0,0
541551362,61,80000000000000.0,0
541551362,62,100000000000000.0,2
541551362,63,100000000000000.0,2
541551362,65,100000000000000.0,2
541551362,66,140000000000000.0,12
541551362,69,140000000000000.0,10
541551362,71,180000000000000.0,20
541551362,72,180000000000000.0,20
541551362,77,50000000000000.0,0
539661667,4,800000000000000.0,0
539661667,5,800000000000000.0,0
539661667,6,800000000000000.0,0
539661667,7,100000000000000.0,0
539661667,8,200000000000000.0,0
539661667,9,300000000000000.0,0
539661667,10,400000000000000.0,0
539661667,11,499999969482421.9,0
539661667,12,600000000000000.0,0
539661667,13,700000000000000.0,0
539661667,14,800000000000000.0,0
539661667,15,900000000000000.0,0
539661667,16,999999938964843.8,0
539661667,17,1100000000000000.0,0
539661667,18,1200000000000000.0,0
539661667,19,1300000000000000.0,0
539661667,20,1400000000000000.0,0
539661667,21,1500000000000000.0,0
539661667,22,1600000000000000.0,0
539661667,23,1700000000000000.0,0
539661667,24,1800000000000000.0,1
539661667,25,1750000000000000.0,1
539661667,26,1730000000000000.0,0
539661667,27,1740000000000000.0,1
539661667,28,1740000000000000.0,1
539661667,29,1740000000000000.0,1
539661667,30,1740000000000000.0,1
539661667,31,1740000000000000.0,0
539661667,32,160000000000000.0,0
539661667,33,140000000000000.0,0
539661667,34,120000000000000.0,0
539661667,35,100000000000000.0,0
539661667,36,80000000000000.0,0
539661667,37,60000000000000.0,0
539661667,38,50000000000000.0,0
539661667,39,50000000000000.0,0
539661667,40,50000000000000.0,0
539661667,41,70000000000000.0,0
539661667,42,90000000000000.0,0
539661667,43,110000000000000.0,0
539661667,44,130000000000000.0,0
539661667,45,150000000000000.0,2
539661667,46,170000000000000.0,2
539661667,47,190000000000000.0,2
539661667,48,210000000000000.0,3
539661667,49,230000000000000.0,4
539661667,50,249999984741210.94,5
539661667,51,270000000000000.0,6
539661667,52,290000000000000.0,6
539661667,53,310000000000000.0,7
539661667,54,119999992370605.47,0
539661667,55,130000000000000.0,0
539661667,56,140000000000000.0,0
539661667,57,150000000000000.0,0
539661667,58,160000000000000.0,1
539661667,59,160000000000000.0,1
539661667,60,160000000000000.0,1
539661667,61,160000000000000.0,1
539661667,62,370875000000000.0,0
539661667,63,377250000000000.0,0
539661667,64,370875000000000.0,0
539661667,66,370875000000000.0,0
539661667,67,377250000000000.0,0
539661667,68,370875000000000.0,0
539661667,75,50000000000000.0,0
527946361,4,800000000000000.0,0
527946361,5,800000000000000.0,0
527946361,6,800000000000000.0,0
527946361,7,100000000000000.0,0
527946361,8,200000000000000.0,0
527946361,9,300000000000000.0,0
527946361,10,400000000000000.0,0
527946361,11,499999969482421.9,0
527946361,12,600000000000000.0,0
527946361,13,700000000000000.0,0
527946361,14,800000000000000.0,0
527946361,15,900000000000000.0,0
527946361,16,999999938964843.8,1
527946361,17,949999938964843.8,1
527946361,18,930000000000000.0,1
527946361,19,910000000000000.0,0
527946361,20,920000000000000.0,0
527946361,21,930000000000000.0,0
527946361,22,939999938964843.8,0
527946361,23,949999938964843.8,0
527946361,25,959999938964843.8,1
527946361,26,959999938964843.8,1
527946361,27,959999938964843.8,0
527946361,28,959999938964843.8,0
527946361,29,969999938964843.8,1
527946361,30,969999938964843.8,1
527946361,31,969999938964843.8,1
527946361,32,969999938964843.8,1
527946361,33,969999938964843.8,1
527946361,34,160000000000000.0,0
527946361,35,140000000000000.0,0
527946361,36,120000000000000.0,0
527946361,37,100000000000000.0,0
527946361,38,80000000000000.0,0
527946361,39,60000000000000.0,0
527946361,40,50000000000000.0,0
527946361,41,50000000000000.0,0
527946361,42,50000000000000.0,0
527946361,43,70000000000000.0,0
527946361,44,90000000000000.0,0
527946361,45,110000000000000.0,0
527946361,46,130000000000000.0,0
527946361,47,150000000000000.0,2
527946361,48,170000000000000.0,7
527946361,49,190000000000000.0,10
527946361,50,210000000000000.0,13
527946361,51,230000000000000.0,15
527946361,52,249999984741210.94,18
527946361,53,270000000000000.0,20
527946361,54,290000000000000.0,22
527946361,55,140000000000000.0,0
527946361,56,160000000000000.0,0
527946361,57,180000000000000.0,4
527946361,58,170000000000000.0,1
527946361,59,170000000000000.0,2
527946361,60,170000000000000.0,1
527946361,61,170000000000000.0,1
527946361,62,393750000000000.0,0
527946361,63,400625000000000.0,0
527946361,64,393750000000000.0,0
527946361,65,400625000000000.0,0
527946361,66,393750000000000.0,0
527946361,67,400625000000000.0,0
527946361,68,393750000000000.0,0
527946361,69,400625000000000.0,0
527946361,71,400000000000000.0,0
527946361,72,400000000000000.0,0
527946361,73,170000000000000.0,0
527946361,74,190000000000000.0,2
527946361,75,180000000000000.0,0
527946361,76,190000000000000.0,1
527946361,77,190000000000000.0,1
527946361,78,190000000000000.0,1
527946361,79,190000000000000.0,1
527946361,80,230000000000000.0,9
527946361,81,230000000000000.0,9
527946361,82,230000000000000.0,9
527946361,83,230000000000000.0,10
527946361,84,270000000000000.0,16
527946361,85,270000000000000.0,15
527946361,86,270000000000000.0,15
527946361,87,270000000000000.0,15
527946361,88,969999938964843.8,0
527946361,89,969999938964843.8,0
527946361,90,969999938964843.8,0
527946361,91,969999938964843.8,0
527946361,92,969999938964843.8,0
527946361,93,969999938964843.8,0
527946361,94,969999938964843.8,0
527946361,95,969999938964843.8,0
527946361,96,969999938964843.8,0
527946361,97,969999938964843.8,0
527946361,98,969999938964843.8,0
527946361,99,969999938964843.8,0
527946361,100,969999938964843.8,0
527946361,101,969999938964843.8,0
527946361,102,969999938964843.8,0
527946361,103,969999938964843.8,0
527946361,104,969999938964843.8,0
527946361,105,969999938964843.8,0
527946361,106,969999938964843.8,0
527946361,107,969999938964843.8,0
527946361,108,969999938964843.8,0
527946361,109,815625000000000.0,0
527946361,110,815625000000000.0,0
527946361,111,815625000000000.0,0
527946361,114,50000000000000.0,0
531526539,4,800000000000000.0,0
531526539,5,800000000000000.0,0
531526539,6,800000000000000.0,0
531526539,7,100000000000000.0,0
531526539,8,200000000000000.0,0
531526539,9,300000000000000.0,0
531526539,10,400000000000000.0,0
531526539,11,499999969482421.9,0
531526539,12,600000000000000.0,0
531526539,13,700000000000000.0,0
531526539,14,800000000000000.0,0
531526539,15,900000000000000.0,0
531526539,16,999999938964843.8,0
531526539,17,1100000000000000.0,1
531526539,18,1050000000000000.0,0
531526539,19,1070000000000000.0,0
531526539,20,1080000000000000.0,0
531526539,21,1090000000000000.0,0
531526539,22,1100000000000000.0,0
531526539,23,1120000000000000.0,0
531526539,24,1140000000000000.0,0
531526539,26,1160000000000000.0,1
531526539,27,1160000000000000.0,1
531526539,28,1160000000000000.0,1
531526539,29,1160000000000000.0,1
531526539,30,1160000000000000.0,1
531526539,31,159000000000000.0,0
531526539,32,139000000000000.0,0
531526539,33,119000000000000.0,0
531526539,34,99000000000000.0,0
531526539,35,79000000000000.0,0
531526539,36,59000000000000.0,0
531526539,37,49000000000000.0,0
531526539,38,49000000000000.0,0
531526539,40,70000000000000.0,0
531526539,41,90000000000000.0,0
531526539,42,110000000000000.0,0
531526539,43,130000000000000.0,0
531526539,44,150000000000000.0,0
531526539,45,170000000000000.0,3
531526539,46,190000000000000.0,6
531526539,47,210000000000000.0,9
531526539,48,230000000000000.0,11
531526539,49,249999984741210.94,14
531526539,50,270000000000000.0,16
531526539,51,290000000000000.0,18
531526539,52,310000000000000.0,20
531526539,53,170000000000000.0,1
531526539,54,170000000000000.0,1
531526539,55,170000000000000.0,1
531526539,56,170000000000000.0,0
531526539,57,394000000000000.0,0
531526539,58,400750000000000.0,0
531526539,60,400750000000000.0,0
531526539,61,394000000000000.0,0
531526539,62,400750000000000.0,0
531526539,66,400000000000000.0,0
531526539,67,400000000000000.0,0
531526539,69,190000000000000.0,1
531526539,70,190000000000000.0,0
531526539,71,190000000000000.0,0
531526539,72,190000000000000.0,0
531526539,73,230000000000000.0,3
531526539,74,230000000000000.0,3
531526539,75,230000000000000.0,3
531526539,76,230000000000000.0,2
531526539,77,270000000000000.0,6
531526539,78,270000000000000.0,6
531526539,79,270000000000000.0,3
531526539,80,270000000000000.0,3
531526539,94,1480000000000000.0,0
531526539,95,1480000000000000.0,0
531526539,96,1480000000000000.0,0
531526539,97,1480000000000000.0,0
531526539,98,1480000000000000.0,0
531526539,99,1480000000000000.0,0
531526539,100,1480000000000000.0,0
531526539,101,1480000000000000.0,0
531526539,102,1480000000000000.0,0
531526539,103,1480000000000000.0,0
531526539,104,1480000000000000.0,0
531526539,105,1480000000000000.0,0
531526539,106,1480000000000000.0,0
531526539,107,1480000000000000.0,0
531526539,108,1480000000000000.0,0
531526539,109,1480000000000000.0,0
531526539,110,1480000000000000.0,0
531526539,111,1480000000000000.0,0
531526539,112,1480000000000000.0,0
531526539,113,1480000000000000.0,0
531526539,114,1480000000000000.0,0
531526539,115,816000000000000.0,0
531526539,116,816000000000000.0,0
531526539,117,816000000000000.0,0
531526539,120,49000000000000.0,0
539542218,5,800000000000000.0,0
539542218,6,800000000000000.0,0
539542218,7,800000000000000.0,0
539542218,8,100000000000000.0,0
539542218,9,200000000000000.0,0
539542218,10,300000000000000.0,0
539542218,11,400000000000000.0,0
539542218,12,499999969482421.9,0
539542218,13,600000000000000.0,1
539542218,14,550000000000000.0,1
539542218,15,530000000000000.0,1
539542218,16,499999969482421.9,0
539542218,17,509999969482421.9,1
539542218,18,509999969482421.9,0
539542218,19,509999969482421.9,0
539542218,20,520000000000000.0,1
539542218,21,520000000000000.0,1
539542218,22,520000000000000.0,1
539542218,23,520000000000000.0,1
539542218,24,520000000000000.0,1
539542218,25,160000000000000.0,0
539542218,26,140000000000000.0,0
539542218,27,120000000000000.0,0
539542218,28,100000000000000.0,0
539542218,29,80000000000000.0,0
539542218,31,50000000000000.0,0
539542218,32,50000000000000.0,0
539542218,34,70000000000000.0,6
539542218,35,90000000000000.0,10
539542218,39,170000000000000.0,22
539542218,41,50000000000000.0,0
539542218,43,50000000000000.0,0
539542218,45,59999996185302.734,5
539542218,47,50000000000000.0,0
539542218,48,50000000000000.0,2
539542218,49,50000000000000.0,3
539542218,51,50000000000000.0,3
539542218,52,115875000000000.0,0
539542218,53,117875000000000.0,0
539542218,56,115875000000000.0,0
539542218,57,117875000000000.0,0
539542218,65,50000000000000.0,0
528671590,4,800000000000000.0,0
528671590,5,800000000000000.0,2
528671590,6,800000000000000.0,1
528671590,7,100000000000000.0,0
528671590,8,200000000000000.0,0
528671590,9,300000000000000.0,0
528671590,10,400000000000000.0,0
528671590,14,450000000000000.0,2
528671590,15,450000000000000.0,2
528671590,17,135000000000000.0,0
528671590,18,115000000000000.0,0
528671590,19,95000000000000.0,0
528671590,20,75000000000000.0,0
528671590,21,55000000000000.0,0
528671590,22,35000000000000.0,0
528671590,23,25000000000000.0,0
528671590,24,29999998092651.367,7
528671590,25,50000000000000.0,11
528671590,26,70000000000000.0,16
528671590,33,29999998092651.367,5
528671590,34,29999998092651.367,6
528671590,45,400000000000000.0,0
528671590,46,400000000000000.0,0
528671590,47,29999998092651.367,4
528671590,48,29999998092651.367,4
528671590,49,29999998092651.367,4
528671590,50,29999998092651.367,4
528671590,51,70000000000000.0,14
528671590,61,50000000000000.0,0
569820026,8,800000000000000.0,0
569820026,9,800000000000000.0,0
569820026,10,100000000000000.0,0
569820026,11,200000000000000.0,0
569820026,12,300000000000000.0,0
569820026,13,400000000000000.0,0
569820026,14,499999969482421.9,1
569820026,15,450000000000000.0,1
569820026,16,430000000000000.0,0
569820026,17,440000000000000.0,0
569820026,18,450000000000000.0,1
569820026,19,450000000000000.0,0
569820026,20,450000000000000.0,0
569820026,21,460000000000000.0,1
569820026,22,460000000000000.0,1
569820026,23,460000000000000.0,1
569820026,24,460000000000000.0,1
569820026,25,460000000000000.0,1
569820026,26,160000000000000.0,0
569820026,27,140000000000000.0,0
569820026,30,80000000000000.0,0
569820026,31,60000000000000.0,0
569820026,32,50000000000000.0,0
569820026,33,50000000000000.0,0
569820026,34,50000000000000.0,5
569820026,35,70000000000000.0,16
569820026,36,90000000000000.0,25
569820026,37,110000000000000.0,31
569820026,38,130000000000000.0,38
569820026,39,150000000000000.0,42
569820026,40,170000000000000.0,47
569820026,41,190000000000000.0,51
569820026,42,50000000000000.0,0
569820026,43,50000000000000.0,4
569820026,44,50000000000000.0,3
569820026,45,50000000000000.0,4
569820026,46,50000000000000.0,2
569820026,47,90000000000000.0,22
569820026,48,90000000000000.0,22
569820026,49,90000000000000.0,22
569820026,50,90000000000000.0,22
569820026,51,115875000000000.0,0
569820026,52,117875000000000.0,0
569820026,53,115875000000000.0,0
569820026,57,400000000000000.0,0
569820026,58,400000000000000.0,0
569820026,59,400000000000000.0,0
569820026,60,400000000000000.0,0
569820026,61,400000000000000.0,0
569820026,62,400000000000000.0,0
569820026,63,400000000000000.0,0
569820026,64,400000000000000.0,0
569820026,65,400000000000000.0,0
569820026,68,50000000000000.0,0
530058283,4,800000000000000.0,0
530058283,5,800000000000000.0,0
530058283,6,800000000000000.0,0
530058283,7,100000000000000.0,0
530058283,8,200000000000000.0,0
530058283,10,400000000000000.0,0
530058283,11,499999969482421.9,0
530058283,12,600000000000000.0,0
530058283,13,700000000000000.0,0
530058283,14,800000000000000.0,0
530058283,15,900000000000000.0,0
530058283,16,999999938964843.8,0
530058283,17,1100000000000000.0,0
530058283,18,1200000000000000.0,0
530058283,19,1300000000000000.0,0
530058283,20,1400000000000000.0,1
530058283,21,1350000000000000.0,0
530058283,23,1390000000000000.0,0
530058283,26,1430000000000000.0,0
530058283,27,1450000000000000.0,0
530058283,28,1470000000000000.0,0
530058283,29,1490000000000000.0,0
530058283,30,1510000000000000.0,1
530058283,31,1510000000000000.0,0
530058283,32,1510000000000000.0,0
530058283,33,1550000000000000.0,1
530058283,34,1550000000000000.0,1
530058283,35,1550000000000000.0,1
530058283,36,1550000000000000.0,1
530058283,37,1550000000000000.0,1
530058283,38,160000000000000.0,0
530058283,39,140000000000000.0,0
530058283,40,120000000000000.0,0
530058283,41,100000000000000.0,0
530058283,42,80000000000000.0,0
530058283,43,60000000000000.0,0
530058283,44,50000000000000.0,0
530058283,45,50000000000000.0,0
530058283,46,50000000000000.0,0
530058283,47,70000000000000.0,0
530058283,48,90000000000000.0,0
530058283,49,110000000000000.0,0
530058283,50,130000000000000.0,0
530058283,51,150000000000000.0,1
530058283,53,190000000000000.0,1
530058283,55,230000000000000.0,2
530058283,56,249999984741210.94,2
530058283,57,270000000000000.0,4
530058283,58,290000000000000.0,7
530058283,82,50000000000000.0,0
561435883,6,800000000000000.0,0
561435883,7,800000000000000.0,0
561435883,8,800000000000000.0,0
561435883,9,100000000000000.0,0
561435883,10,200000000000000.0,0
561435883,11,300000000000000.0,0
561435883,12,400000000000000.0,0
561435883,13,499999969482421.9,0
561435883,14,600000000000000.0,0
561435883,15,700000000000000.0,1
561435883,16,650000000000000.0,1
561435883,17,630000000000000.0,1
561435883,18,620000000000000.0,0
561435883,19,630000000000000.0,0
561435883,20,630000000000000.0,0
561435883,21,650000000000000.0,1
561435883,22,650000000000000.0,0
561435883,23,650000000000000.0,0
561435883,24,670000000000000.0,1
561435883,25,670000000000000.0,1
561435883,26,670000000000000.0,0
561435883,27,670000000000000.0,1
561435883,28,670000000000000.0,1
561435883,29,670000000000000.0,1
561435883,30,670000000000000.0,1
561435883,31,160000000000000.0,0
561435883,32,140000000000000.0,0
561435883,33,120000000000000.0,0
561435883,34,100000000000000.0,0
561435883,35,80000000000000.0,0
561435883,36,60000000000000.0,0
561435883,37,50000000000000.0,0
561435883,38,50000000000000.0,0
561435883,39,50000000000000.0,0
561435883,40,70000000000000.0,1
561435883,41,90000000000000.0,1
561435883,42,110000000000000.0,2
561435883,43,130000000000000.0,4
561435883,44,150000000000000.0,4
561435883,46,190000000000000.0,14
561435883,47,210000000000000.0,15
561435883,48,59999996185302.734,0
561435883,49,70000000000000.0,0
561435883,50,80000000000000.0,0
561435883,51,90000000000000.0,1
561435883,53,90000000000000.0,0
561435883,54,90000000000000.0,0
561435883,55,90000000000000.0,0
561435883,57,100000000000000.0,1
561435883,59,100000000000000.0,1
561435883,62,140000000000000.0,1
561435883,65,231750000000000.0,0
561435883,67,231750000000000.0,0
561435883,68,235750000000000.0,0
561435883,70,235750000000000.0,0
561435883,72,400000000000000.0,0
561435883,73,400000000000000.0,0
561435883,76,50000000000000.0,0
525007375,4,800000000000000.0,0
525007375,5,800000000000000.0,0
525007375,6,800000000000000.0,0
525007375,7,100000000000000.0,0
525007375,8,200000000000000.0,0
525007375,10,400000000000000.0,0
525007375,11,499999969482421.9,0
525007375,12,600000000000000.0,0
525007375,13,700000000000000.0,0
525007375,14,800000000000000.0,0
525007375,15,900000000000000.0,1
525007375,17,900000000000000.0,0
525007375,19,949999938964843.8,1
525007375,20,949999938964843.8,1
525007375,23,160000000000000.0,0
525007375,24,140000000000000.0,0
525007375,25,120000000000000.0,0
525007375,26,100000000000000.0,0
525007375,27,80000000000000.0,0
525007375,28,60000000000000.0,0
525007375,29,50000000000000.0,0
525007375,30,50000000000000.0,0
525007375,31,50000000000000.0,0
525007375,32,70000000000000.0,0
525007375,33,90000000000000.0,0
525007375,34,110000000000000.0,0
525007375,35,130000000000000.0,0
525007375,36,150000000000000.0,0
525007375,37,170000000000000.0,0
525007375,38,190000000000000.0,1
525007375,39,210000000000000.0,6
525007375,41,249999984741210.94,10
525007375,42,270000000000000.0,14
525007375,43,290000000000000.0,11
525007375,44,310000000000000.0,13
525007375,45,330000000000000.0,15
525007375,47,249999984741210.94,6
525007375,49,249999984741210.94,8
525007375,55,589375000000000.0,0
525007375,56,579500000000000.0,0
525007375,58,400000000000000.0,0
525007375,59,400000000000000.0,0
525007375,61,200000000000000.0,8
525007375,62,200000000000000.0,8
525007375,63,200000000000000.0,7
525007375,66,239999984741210.94,5
525007375,67,239999984741210.94,1
525007375,68,239999984741210.94,3
525007375,71,50000000000000.0,0
571450845,6,800000000000000.0,0
571450845,7,800000000000000.0,0
571450845,8,800000000000000.0,0
571450845,9,100000000000000.0,0
571450845,10,200000000000000.0,0
571450845,11,300000000000000.0,0
571450845,12,400000000000000.0,0
571450845,13,499999969482421.9,0
571450845,14,600000000000000.0,0
571450845,15,700000000000000.0,0
571450845,16,800000000000000.0,0
571450845,17,900000000000000.0,0
571450845,18,999999938964843.8,1
571450845,19,949999938964843.8,0
571450845,20,969999938964843.8,0
571450845,21,979999938964843.8,0
571450845,22,989999938964843.8,0
571450845,23,999999938964843.8,0
571450845,24,1009999938964843.8,0
571450845,25,1019999938964843.8,0
571450845,26,1030000000000000.0,0
571450845,27,1040000000000000.0,0
571450845,28,1050000000000000.0,0
571450845,29,1060000000000000.0,1
571450845,30,1060000000000000.0,0
571450845,31,1070000000000000.0,1
571450845,32,1070000000000000.0,1
571450845,33,1070000000000000.0,1
571450845,34,1070000000000000.0,0
571450845,35,1070000000000000.0,0
571450845,36,1080000000000000.0,0
571450845,37,1090000000000000.0,1
571450845,38,1090000000000000.0,1
571450845,39,1090000000000000.0,0
571450845,40,1100000000000000.0,1
571450845,41,1100000000000000.0,1
571450845,42,1100000000000000.0,1
571450845,43,1100000000000000.0,0
571450845,45,160000000000000.0,0
571450845,46,140000000000000.0,0
571450845,47,120000000000000.0,0
571450845,48,100000000000000.0,0
571450845,49,80000000000000.0,0
571450845,50,60000000000000.0,0
571450845,51,50000000000000.0,0
571450845,52,50000000000000.0,0
571450845,53,50000000000000.0,0
571450845,54,70000000000000.0,0
571450845,55,90000000000000.0,0
571450845,56,110000000000000.0,1
571450845,57,130000000000000.0,4
571450845,58,150000000000000.0,5
571450845,59,170000000000000.0,7
571450845,60,190000000000000.0,9
571450845,61,210000000000000.0,10
571450845,62,230000000000000.0,12
571450845,63,249999984741210.94,13
571450845,64,100000000000000.0,0
571450845,65,110000000000000.0,0
571450845,66,119999992370605.47,1
571450845,67,119999992370605.47,1
571450845,68,119999992370605.47,1
571450845,69,119999992370605.47,1
571450845,70,160000000000000.0,5
571450845,71,160000000000000.0,4
571450845,72,160000000000000.0,4
571450845,73,160000000000000.0,4
571450845,74,200000000000000.0,8
571450845,75,200000000000000.0,8
571450845,76,278125000000000.0,0
571450845,77,282875000000000.0,0
571450845,79,282875000000000.0,0
571450845,81,400000000000000.0,0
571450845,82,400000000000000.0,0
571450845,83,400000000000000.0,0
571450845,84,400000000000000.0,0
571450845,85,400000000000000.0,0
571450845,86,400000000000000.0,0
571450845,87,400000000000000.0,0
571450845,88,400000000000000.0,0
571450845,89,400000000000000.0,0
571450845,90,400000000000000.0,0
571450845,93,50000000000000.0,0
542131227,4,800000000000000.0,4
542131227,5,800000000000000.0,3
542131227,6,800000000000000.0,3
542131227,7,100000000000000.0,0
542131227,8,200000000000000.0,0
542131227,9,300000000000000.0,4
542131227,10,260000000000000.0,0
542131227,11,520000000000000.0,3
542131227,12,270000000000000.0,0
542131227,13,280000000000000.0,0
542131227,14,290000000000000.0,0
542131227,15,300000000000000.0,3
542131227,16,300000000000000.0,0
542131227,17,300000000000000.0,0
542131227,18,310000000000000.0,3
542131227,19,310000000000000.0,0
542131227,20,310000000000000.0,3
542131227,21,310000000000000.0,3
542131227,22,310000000000000.0,3
542131227,23,310000000000000.0,3
542131227,25,140000000000000.0,0
542131227,26,120000000000000.0,0
542131227,27,100000000000000.0,0
542131227,28,80000000000000.0,0
542131227,29,60000000000000.0,0
542131227,30,50000000000000.0,0
542131227,31,50000000000000.0,6
542131227,32,50000000000000.0,11
542131227,33,70000000000000.0,15
542131227,34,90000000000000.0,19
542131227,35,110000000000000.0,23
542131227,36,130000000000000.0,25
542131227,37,150000000000000.0,29
542131227,38,170000000000000.0,32
542131227,39,50000000000000.0,0
542131227,40,50000000000000.0,3
542131227,41,50000000000000.0,3
542131227,42,50000000000000.0,3
542131227,43,50000000000000.0,2
542131227,44,69500000000000.0,0
542131227,45,70750000000000.0,0
542131227,46,69500000000000.0,0
542131227,47,70750000000000.0,0
542131227,48,69500000000000.0,0
542131227,50,69500000000000.0,0
542131227,51,70750000000000.0,0
542131227,57,50000000000000.0,0
530094213,4,800000000000000.0,0
530094213,5,800000000000000.0,0
530094213,6,800000000000000.0,0
530094213,7,100000000000000.0,0
530094213,8,200000000000000.0,0
530094213,10,400000000000000.0,1
530094213,11,450000000000000.0,1
530094213,12,450000000000000.0,1
530094213,13,450000000000000.0,1
530094213,14,450000000000000.0,1
530094213,15,450000000000000.0,1
530094213,16,160000000000000.0,0
530094213,17,140000000000000.0,0
530094213,18,120000000000000.0,0
530094213,19,100000000000000.0,0
530094213,20,80000000000000.0,0
530094213,22,50000000000000.0,0
530094213,24,50000000000000.0,2
530094213,25,70000000000000.0,12
530094213,26,90000000000000.0,17
530094213,27,110000000000000.0,24
530094213,28,130000000000000.0,28
530094213,30,170000000000000.0,34
530094213,32,50000000000000.0,2
530094213,33,50000000000000.0,1
530094213,34,50000000000000.0,2
530094213,35,50000000000000.0,2
530094213,36,115875000000000.0,0
530094213,38,115875000000000.0,0
530094213,41,117875000000000.0,0
530094213,45,400000000000000.0,0
530094213,46,400000000000000.0,0
530094213,47,50000000000000.0,1
530094213,48,50000000000000.0,1
530094213,49,50000000000000.0,1
530094213,50,50000000000000.0,1
530094213,53,50000000000000.0,0
548461580,4,800000000000000.0,0
548461580,5,800000000000000.0,0
548461580,6,800000000000000.0,0
548461580,7,100000000000000.0,0
548461580,8,200000000000000.0,0
548461580,9,300000000000000.0,0
548461580,10,400000000000000.0,0
548461580,11,499999969482421.9,0
548461580,12,600000000000000.0,0
548461580,13,700000000000000.0,0
548461580,14,800000000000000.0,0
548461580,15,900000000000000.0,0
548461580,16,999999938964843.8,1
548461580,17,949999938964843.8,0
548461580,18,969999938964843.8,1
548461580,19,959999938964843.8,0
548461580,20,969999938964843.8,0
548461580,21,979999938964843.8,0
548461580,22,989999938964843.8,0
548461580,23,999999938964843.8,1
548461580,24,999999938964843.8,1
548461580,25,999999938964843.8,0
548461580,26,999999938964843.8,1
548461580,27,999999938964843.8,1
548461580,28,160000000000000.0,0
548461580,29,140000000000000.0,0
548461580,30,120000000000000.0,0
548461580,31,100000000000000.0,0
548461580,32,80000000000000.0,0
548461580,33,60000000000000.0,0
548461580,34,50000000000000.0,0
548461580,35,50000000000000.0,0
548461580,36,50000000000000.0,0
548461580,37,70000000000000.0,0
548461580,38,90000000000000.0,0
548461580,39,110000000000000.0,1
548461580,40,130000000000000.0,2
548461580,41,150000000000000.0,6
548461580,42,170000000000000.0,8
548461580,43,190000000000000.0,10
548461580,44,210000000000000.0,13
548461580,45,230000000000000.0,15
548461580,46,249999984741210.94,17
548461580,47,100000000000000.0,0
548461580,48,110000000000000.0,0
548461580,49,119999992370605.47,1
548461580,50,119999992370605.47,1
548461580,51,119999992370605.47,1
548461580,52,119999992370605.47,1
548461580,54,282875000000000.0,0
548461580,55,278125000000000.0,0
548461580,57,278125000000000.0,0
548461580,60,282875000000000.0,0
548461580,62,400000000000000.0,0
548461580,63,400000000000000.0,0
548461580,66,50000000000000.0,0
541541635,4,800000000000000.0,0
541541635,5,800000000000000.0,0
541541635,6,800000000000000.0,0
541541635,7,100000000000000.0,0
541541635,8,200000000000000.0,0
541541635,9,300000000000000.0,0
541541635,10,400000000000000.0,0
541541635,11,499999969482421.9,0
541541635,12,600000000000000.0,0
541541635,13,700000000000000.0,0
541541635,14,800000000000000.0,0
541541635,15,900000000000000.0,0
541541635,16,999999938964843.8,0
541541635,17,1100000000000000.0,0
541541635,18,1200000000000000.0,0
541541635,19,1300000000000000.0,0
541541635,20,1400000000000000.0,0
541541635,21,1500000000000000.0,0
541541635,22,1600000000000000.0,1
541541635,23,1550000000000000.0,0
541541635,24,1570000000000000.0,0
541541635,25,1580000000000000.0,1
541541635,26,1580000000000000.0,1
541541635,27,1580000000000000.0,1
541541635,28,1580000000000000.0,0
541541635,29,1580000000000000.0,0
541541635,30,1580000000000000.0,0
541541635,31,1590000000000000.0,0
541541635,32,1600000000000000.0,0
541541635,33,1610000000000000.0,0
541541635,34,1630000000000000.0,0
541541635,35,1650000000000000.0,1
541541635,36,1650000000000000.0,0
541541635,37,1650000000000000.0,0
541541635,38,1660000000000000.0,1
541541635,39,1660000000000000.0,1
541541635,40,1660000000000000.0,1
541541635,41,1660000000000000.0,1
541541635,42,1660000000000000.0,1
541541635,43,160000000000000.0,0
541541635,44,140000000000000.0,0
541541635,45,120000000000000.0,0
541541635,46,100000000000000.0,0
541541635,47,80000000000000.0,0
541541635,48,60000000000000.0,0
541541635,49,50000000000000.0,0
541541635,50,50000000000000.0,0
541541635,51,50000000000000.0,0
541541635,52,70000000000000.0,0
541541635,53,90000000000000.0,0
541541635,54,110000000000000.0,0
541541635,55,130000000000000.0,0
541541635,56,150000000000000.0,0
541541635,57,170000000000000.0,0
541541635,58,190000000000000.0,0
541541635,59,210000000000000.0,0
541541635,60,230000000000000.0,0
541541635,61,249999984741210.94,0
541541635,62,270000000000000.0,0
541541635,63,290000000000000.0,0
541541635,64,310000000000000.0,2
541541635,65,330000000000000.0,2
541541635,66,350000000000000.0,4
541541635,67,370000000000000.0,5
541541635,68,390000000000000.0,9
541541635,69,410000000000000.0,10
541541635,70,430000000000000.0,11
541541635,71,450000000000000.0,13
541541635,72,300000000000000.0,2
541541635,73,290000000000000.0,0
541541635,74,300000000000000.0,1
541541635,75,300000000000000.0,0
541541635,76,310000000000000.0,1
541541635,77,310000000000000.0,2
541541635,78,310000000000000.0,1
541541635,79,310000000000000.0,2
541541635,80,718500000000000.0,0
541541635,81,730874938964843.8,0
541541635,82,718500000000000.0,0
541541635,83,730874938964843.8,0
541541635,84,718500000000000.0,0
541541635,85,730874938964843.8,0
541541635,86,718500000000000.0,0
541541635,87,730874938964843.8,0
541541635,89,400000000000000.0,0
541541635,90,400000000000000.0,0
541541635,92,50000000000000.0,0
539578371,4,800000000000000.0,0
539578371,5,800000000000000.0,0
539578371,6,800000000000000.0,0
539578371,7,100000000000000.0,0
539578371,8,200000000000000.0,0
539578371,9,300000000000000.0,0
539578371,10,400000000000000.0,0
539578371,11,499999969482421.9,0
539578371,12,600000000000000.0,0
539578371,13,700000000000000.0,0
539578371,14,800000000000000.0,0
539578371,15,900000000000000.0,0
539578371,16,999999938964843.8,0
539578371,17,1100000000000000.0,0
539578371,18,1200000000000000.0,0
539578371,19,1300000000000000.0,0
539578371,20,1400000000000000.0,0
539578371,21,1500000000000000.0,0
539578371,22,1600000000000000.0,0
539578371,23,1700000000000000.0,0
539578371,24,1800000000000000.0,0
539578371,25,1899999877929687.5,0
539578371,26,1999999877929687.5,0
539578371,27,2300000000000000.0,0
539578371,28,2800000000000000.0,2
539578371,29,2800000000000000.0,0
539578371,31,2800000000000000.0,2
539578371,32,2800000000000000.0,2
539578371,33,160000000000000.0,0
539578371,34,140000000000000.0,0
539578371,35,120000000000000.0,0
539578371,36,100000000000000.0,0
539578371,37,80000000000000.0,0
539578371,38,60000000000000.0,0
539578371,39,50000000000000.0,0
539578371,40,50000000000000.0,0
539578371,41,50000000000000.0,0
539578371,42,70000000000000.0,0
539578371,43,90000000000000.0,0
539578371,44,110000000000000.0,0
539578371,45,130000000000000.0,0
539578371,46,150000000000000.0,0
539578371,47,170000000000000.0,0
539578371,48,190000000000000.0,0
539578371,49,210000000000000.0,0
539578371,50,230000000000000.0,0
539578371,51,249999984741210.94,0
539578371,52,270000000000000.0,0
539578371,53,290000000000000.0,0
539578371,54,310000000000000.0,2
539578371,55,330000000000000.0,2
539578371,56,350000000000000.0,2
539578371,57,370000000000000.0,2
539578371,58,390000000000000.0,2
539578371,59,410000000000000.0,2
539578371,60,430000000000000.0,3
539578371,61,450000000000000.0,6
539578371,62,310000000000000.0,2
539578371,63,310000000000000.0,2
539578371,64,310000000000000.0,2
539578371,65,310000000000000.0,2
539578371,66,718500000000000.0,0
539578371,67,730874938964843.8,0
539578371,68,718500000000000.0,0
539578371,69,730874938964843.8,0
539578371,71,730874938964843.8,0
539578371,72,718500000000000.0,0
539578371,73,730874938964843.8,0
539578371,74,400000000000000.0,0
539578371,75,400000000000000.0,0
539578371,79,50000000000000.0,0
569820130,5,800000000000000.0,0
569820130,6,800000000000000.0,0
569820130,7,800000000000000.0,0
569820130,8,100000000000000.0,0
569820130,9,200000000000000.0,0
569820130,10,300000000000000.0,0
569820130,11,400000000000000.0,1
569820130,12,400000000000000.0,1
569820130,13,400000000000000.0,0
569820130,17,160000000000000.0,0
569820130,19,120000000000000.0,0
569820130,20,100000000000000.0,0
569820130,21,80000000000000.0,0
569820130,25,50000000000000.0,11
569820130,27,90000000000000.0,19
569820130,29,130000000000000.0,25
569820130,31,170000000000000.0,29
569820130,32,50000000000000.0,6
569820130,33,50000000000000.0,5
569820130,35,50000000000000.0,5
569820130,36,69375000000000.0,0
569820130,40,69375000000000.0,0
569820130,42,69375000000000.0,0
569820130,53,400000000000000.0,0
569820130,58,50000000000000.0,0
542179094,5,800000000000000.0,0
542179094,6,800000000000000.0,0
542179094,7,800000000000000.0,0
542179094,8,100000000000000.0,0
542179094,9,200000000000000.0,0
542179094,10,300000000000000.0,0
542179094,11,400000000000000.0,0
542179094,12,499999969482421.9,1
542179094,13,450000000000000.0,1
542179094,15,410000000000000.0,1
542179094,16,400000000000000.0,1
542179094,17,380000000000000.0,0
542179094,18,390000000000000.0,0
542179094,19,400000000000000.0,0
542179094,22,410000000000000.0,0
542179094,23,410000000000000.0,0
542179094,24,420000000000000.0,0
542179094,25,430000000000000.0,1
542179094,26,430000000000000.0,1
542179094,27,430000000000000.0,0
542179094,28,430000000000000.0,1
542179094,31,140000000000000.0,0
542179094,32,120000000000000.0,0
542179094,33,100000000000000.0,0
542179094,34,80000000000000.0,0
542179094,35,60000000000000.0,0
542179094,37,50000000000000.0,0
542179094,38,50000000000000.0,10
542179094,39,70000000000000.0,16
542179094,40,90000000000000.0,20
542179094,41,110000000000000.0,25
542179094,46,50000000000000.0,6
542179094,47,50000000000000.0,0
542179094,48,50000000000000.0,3
542179094,49,50000000000000.0,5
542179094,50,50000000000000.0,5
542179094,51,50000000000000.0,5
542179094,53,94250000000000.0,0
542179094,54,92750000000000.0,0
542179094,55,94250000000000.0,0
542179094,66,50000000000000.0,0
528758496,4,800000000000000.0,0
528758496,5,800000000000000.0,0
528758496,6,800000000000000.0,0
528758496,7,100000000000000.0,0
528758496,8,200000000000000.0,0
528758496,9,300000000000000.0,0
528758496,10,400000000000000.0,0
528758496,11,499999969482421.9,0
528758496,12,600000000000000.0,0
528758496,13,700000000000000.0,0
528758496,14,800000000000000.0,0
528758496,15,900000000000000.0,0
528758496,16,999999938964843.8,0
528758496,17,1100000000000000.0,0
528758496,18,1200000000000000.0,0
528758496,19,1300000000000000.0,0
528758496,20,1400000000000000.0,0
528758496,21,1500000000000000.0,0
528758496,22,1600000000000000.0,0
528758496,23,1700000000000000.0,0
528758496,24,1800000000000000.0,0
528758496,25,1899999877929687.5,0
528758496,26,1999999877929687.5,0
528758496,27,2100000000000000.0,1
528758496,28,2050000000000000.0,0
528758496,29,2070000000000000.0,0
528758496,30,2090000000000000.0,0
528758496,31,2100000000000000.0,0
528758496,32,2150000000000000.0,1
528758496,33,2130000000000000.0,0
528758496,34,2140000000000000.0,0
528758496,35,2150000000000000.0,0
528758496,36,2160000000000000.0,0
528758496,38,2190000000000000.0,0
528758496,39,2200000000000000.0,2
528758496,40,2200000000000000.0,1
528758496,41,2200000000000000.0,1
528758496,42,2200000000000000.0,1
528758496,43,2200000000000000.0,1
528758496,44,160000000000000.0,0
528758496,45,140000000000000.0,0
528758496,46,120000000000000.0,0
528758496,47,100000000000000.0,0
528758496,48,80000000000000.0,0
528758496,49,60000000000000.0,0
528758496,50,50000000000000.0,0
528758496,51,50000000000000.0,0
528758496,52,50000000000000.0,0
528758496,53,70000000000000.0,0
528758496,54,90000000000000.0,0
528758496,55,110000000000000.0,0
528758496,56,130000000000000.0,0
528758496,57,150000000000000.0,0
528758496,58,170000000000000.0,0
528758496,60,210000000000000.0,0
528758496,61,230000000000000.0,1
528758496,62,249999984741210.94,1
528758496,63,270000000000000.0,1
528758496,64,290000000000000.0,1
528758496,65,310000000000000.0,2
528758496,68,370000000000000.0,7
528758496,71,249999984741210.94,1
528758496,73,249999984741210.94,1
528758496,74,249999984741210.94,1
528758496,75,249999984741210.94,1
528758496,76,579500000000000.0,0
528758496,77,589375000000000.0,0
528758496,78,579500000000000.0,0
528758496,79,589375000000000.0,0
528758496,85,400000000000000.0,0
528758496,86,400000000000000.0,0
528758496,87,249999984741210.94,1
528758496,93,290000000000000.0,2
528758496,94,290000000000000.0,1
528758496,96,330000000000000.0,2
528758496,97,330000000000000.0,2
528758496,99,330000000000000.0,2
528758496,100,2200000000000000.0,0
528758496,101,2230000000000000.0,0
528758496,102,2250000000000000.0,0
528758496,103,2290000000000000.0,0
528758496,104,2310000000000000.0,0
528758496,105,2350000000000000.0,0
528758496,106,2390000000000000.0,0
528758496,107,2410000000000000.0,0
528758496,108,2450000000000000.0,0
528758496,109,2500000000000000.0,0
528758496,110,2550000000000000.0,0
528758496,111,2600000000000000.0,1
528758496,112,2580000000000000.0,0
528758496,113,2600000000000000.0,1
528758496,114,2600000000000000.0,0
528758496,115,2600000000000000.0,0
528758496,116,2600000000000000.0,0
528758496,117,2600000000000000.0,0
528758496,118,2600000000000000.0,0
528758496,119,2600000000000000.0,0
528758496,120,2600000000000000.0,0
528758496,121,2600000000000000.0,0
528758496,122,2600000000000000.0,0
528758496,123,2600000000000000.0,0
528758496,124,2600000000000000.0,0
528758496,125,2600000000000000.0,0
528758496,126,2600000000000000.0,0
528758496,127,2600000000000000.0,0
528758496,128,2600000000000000.0,0
528758496,129,2600000000000000.0,0
528758496,130,2600000000000000.0,0
528758496,131,2600000000000000.0,0
528758496,132,2600000000000000.0,0
528758496,133,2600000000000000.0,0
528758496,134,2600000000000000.0,0
528758496,137,50000000000000.0,0
539659702,4,800000000000000.0,0
539659702,5,800000000000000.0,0
539659702,6,800000000000000.0,0
539659702,7,100000000000000.0,0
539659702,8,200000000000000.0,0
539659702,9,300000000000000.0,0
539659702,10,400000000000000.0,0
539659702,11,499999969482421.9,0
539659702,12,600000000000000.0,0
539659702,13,700000000000000.0,0
539659702,14,800000000000000.0,1
539659702,15,750000000000000.0,1
539659702,16,730000000000000.0,0
539659702,17,710000000000000.0,0
539659702,18,740000000000000.0,0
539659702,19,750000000000000.0,1
539659702,20,750000000000000.0,1
539659702,21,750000000000000.0,0
539659702,22,750000000000000.0,1
539659702,23,750000000000000.0,1
539659702,24,160000000000000.0,0
539659702,25,140000000000000.0,0
539659702,26,120000000000000.0,0
539659702,27,100000000000000.0,0
539659702,28,80000000000000.0,0
539659702,29,60000000000000.0,0
539659702,30,50000000000000.0,0
539659702,31,50000000000000.0,0
539659702,32,50000000000000.0,0
539659702,33,70000000000000.0,3
539659702,34,90000000000000.0,8
539659702,35,110000000000000.0,11
539659702,36,130000000000000.0,16
539659702,37,150000000000000.0,19
539659702,38,170000000000000.0,22
539659702,39,190000000000000.0,25
539659702,40,210000000000000.0,28
539659702,41,80000000000000.0,7
539659702,42,59999996185302.734,4
539659702,43,50000000000000.0,0
539659702,44,50000000000000.0,2
539659702,45,50000000000000.0,0
539659702,46,50000000000000.0,0
539659702,48,59999996185302.734,3
539659702,49,59999996185302.734,3
539659702,50,59999996185302.734,2
539659702,51,139125000000000.0,0
539659702,52,141500000000000.0,0
539659702,53,139125000000000.0,0
539659702,54,141500000000000.0,0
539659702,55,139125000000000.0,0
539659702,56,141500000000000.0,0
539659702,57,139125000000000.0,0
539659702,58,141500000000000.0,0
539659702,60,400000000000000.0,0
539659702,61,400000000000000.0,0
539659702,64,50000000000000.0,0
529988599,3,800000000000000.0,0
529988599,4,800000000000000.0,0
529988599,5,800000000000000.0,0
529988599,6,100000000000000.0,0
529988599,7,200000000000000.0,0
529988599,9,400000000000000.0,0
529988599,10,499999969482421.9,0
529988599,11,600000000000000.0,0
529988599,12,700000000000000.0,0
529988599,13,800000000000000.0,0
529988599,14,900000000000000.0,0
529988599,15,999999938964843.8,0
529988599,16,1100000000000000.0,0
529988599,17,1200000000000000.0,0
529988599,18,1300000000000000.0,2
529988599,19,1250000000000000.0,0
529988599,20,1270000000000000.0,0
529988599,21,1290000000000000.0,0
529988599,22,1310000000000000.0,0
529988599,23,1330000000000000.0,2
529988599,24,1330000000000000.0,0
529988599,25,1340000000000000.0,0
529988599,26,1350000000000000.0,0
529988599,27,1370000000000000.0,2
529988599,28,1370000000000000.0,2
529988599,29,1370000000000000.0,2
529988599,30,1370000000000000.0,2
529988599,31,1370000000000000.0,2
529988599,32,160000000000000.0,0
529988599,33,140000000000000.0,0
529988599,34,120000000000000.0,0
529988599,35,100000000000000.0,0
529988599,36,80000000000000.0,0
529988599,37,60000000000000.0,0
529988599,38,50000000000000.0,0
529988599,39,50000000000000.0,0
529988599,40,50000000000000.0,0
529988599,41,70000000000000.0,0
529988599,42,90000000000000.0,1
529988599,43,110000000000000.0,2
529988599,44,130000000000000.0,4
529988599,45,150000000000000.0,7
529988599,46,170000000000000.0,9
529988599,47,190000000000000.0,12
529988599,48,210000000000000.0,13
529988599,49,230000000000000.0,15
529988599,50,80000000000000.0,0
529988599,51,90000000000000.0,0
529988599,52,100000000000000.0,1
529988599,53,100000000000000.0,1
529988599,54,100000000000000.0,1
529988599,55,100000000000000.0,1
529988599,56,231750000000000.0,0
529988599,57,235750000000000.0,0
529988599,59,235750000000000.0,0
529988599,60,231750000000000.0,0
529988599,61,235750000000000.0,0
529988599,62,231750000000000.0,0
529988599,63,235750000000000.0,0
529988599,65,400000000000000.0,0
529988599,66,400000000000000.0,0
529988599,67,100000000000000.0,0
529988599,68,130000000000000.0,1
529988599,69,119999992370605.47,1
529988599,70,110000000000000.0,0
529988599,71,119999992370605.47,1
529988599,72,119999992370605.47,1
529988599,73,119999992370605.47,1
529988599,74,119999992370605.47,1
529988599,75,119999992370605.47,1
529988599,76,160000000000000.0,3
529988599,77,160000000000000.0,2
529988599,78,160000000000000.0,2
529988599,79,160000000000000.0,2
529988599,81,200000000000000.0,8
529988599,83,200000000000000.0,7
529988599,84,1370000000000000.0,0
529988599,85,1390000000000000.0,0
529988599,86,1410000000000000.0,0
529988599,87,1450000000000000.0,0
529988599,88,1490000000000000.0,0
529988599,89,1550000000000000.0,0
529988599,90,1600000000000000.0,1
529988599,91,1570000000000000.0,1
529988599,92,1560000000000000.0,0
529988599,93,1570000000000000.0,0
529988599,94,1590000000000000.0,1
529988599,95,1590000000000000.0,0
529988599,96,1590000000000000.0,0
529988599,97,1590000000000000.0,0
529988599,98,1590000000000000.0,0
529988599,99,1590000000000000.0,0
529988599,100,1590000000000000.0,0
529988599,101,1590000000000000.0,0
529988599,102,1590000000000000.0,0
529988599,103,1590000000000000.0,0
529988599,105,1590000000000000.0,0
529988599,106,1590000000000000.0,0
529988599,107,1590000000000000.0,0
529988599,108,1590000000000000.0,0
529988599,109,1590000000000000.0,0
529988599,110,1590000000000000.0,0
529988599,111,1590000000000000.0,0
529988599,112,1590000000000000.0,0
529988599,113,1590000000000000.0,0
529988599,114,1590000000000000.0,0
529988599,115,1590000000000000.0,0
529988599,117,558250000000000.0,0
529988599,118,558250000000000.0,0
529988599,121,50000000000000.0,0
545604343,6,850000000000000.0,0
545604343,7,850000000000000.0,0
545604343,8,850000000000000.0,0
545604343,9,150000000000000.0,0
545604343,11,350000000000000.0,0
545604343,12,450000000000000.0,0
545604343,14,500000000000000.0,1
545604343,15,480000000000000.0,1
545604343,16,460000000000000.0,0
545604343,17,470000000000000.0,1
545604343,18,470000000000000.0,0
545604343,19,470000000000000.0,1
545604343,20,480000000000000.0,1
545604343,21,480000000000000.0,1
545604343,23,480000000000000.0,1
545604343,24,480000000000000.0,1
545604343,25,110000000000000.0,0
545604343,26,90000000000000.0,0
545604343,27,70000000000000.0,0
545604343,28,50000000000000.0,0
545604343,29,50000000000000.0,0
545604343,30,50000000000000.0,0
545604343,31,60000000000000.0,0
545604343,32,80000000000000.0,0
545604343,33,100000000000000.0,1
545604343,34,120000000000000.0,4
545604343,35,140000000000000.0,10
545604343,36,160000000000000.0,15
545604343,37,180000000000000.0,19
545604343,38,200000000000000.0,24
545604343,39,220000000000000.0,29
545604343,40,240000000000000.0,33
545604343,41,90000000000000.0,0
545604343,44,110000000000000.0,3
545604343,45,110000000000000.0,3
545604343,46,110000000000000.0,3
545604343,47,189125000000000.0,0
545604343,50,191500000000000.0,0
545604343,51,189125000000000.0,0
545604343,52,191500000000000.0,0
545604343,53,189125000000000.0,0
545604343,54,191500000000000.0,0
545604343,56,400000000000000.0,0
545604343,59,100000000000000.0,1
545604343,60,100000000000000.0,1
545604343,61,100000000000000.0,1
545604343,62,100000000000000.0,1
545604343,63,140000000000000.0,11
545604343,64,140000000000000.0,11
545604343,65,140000000000000.0,13
545604343,66,140000000000000.0,12
545604343,68,180000000000000.0,23
545604343,69,180000000000000.0,22
545604343,70,180000000000000.0,21
545604343,71,450000000000000.0,1
545604343,72,400000000000000.0,0
545604343,73,430000000000000.0,1
545604343,74,390000000000000.0,0
545604343,75,400000000000000.0,0
545604343,77,420000000000000.0,1
545604343,78,420000000000000.0,0
545604343,79,420000000000000.0,0
545604343,80,420000000000000.0,0
545604343,81,420000000000000.0,0
545604343,82,420000000000000.0,0
545604343,83,420000000000000.0,0
545604343,84,420000000000000.0,0
545604343,85,420000000000000.0,0
545604343,86,420000000000000.0,0
545604343,87,420000000000000.0,0
545604343,88,420000000000000.0,0
545604343,89,420000000000000.0,0
545604343,91,420000000000000.0,0
545604343,92,420000000000000.0,0
545604343,93,420000000000000.0,0
545604343,94,420000000000000.0,0
545604343,95,420000000000000.0,0
545604343,96,420000000000000.0,0
545604343,97,420000000000000.0,0
545604343,98,420000000000000.0,0
545604343,99,219500000000000.0,0
545604343,101,219500000000000.0,0
545604343,105,50000000000000.0,0
545604343,106,50000000000000.0,0
505689242,4,800000000000000.0,0
505689242,5,800000000000000.0,0
505689242,6,800000000000000.0,0
505689242,7,100000000000000.0,0
505689242,8,200000000000000.0,0
505689242,9,300000000000000.0,0
505689242,10,400000000000000.0,0
505689242,11,499999969482421.9,0
505689242,12,600000000000000.0,0
505689242,13,700000000000000.0,0
505689242,14,800000000000000.0,0
505689242,15,900000000000000.0,0
505689242,16,999999938964843.8,0
505689242,17,1100000000000000.0,0
505689242,18,1200000000000000.0,1
505689242,19,1150000000000000.0,1
505689242,21,1110000000000000.0,1
505689242,22,1090000000000000.0,0
505689242,23,1100000000000000.0,1
505689242,24,1100000000000000.0,0
505689242,25,1110000000000000.0,0
505689242,27,1120000000000000.0,1
505689242,28,1120000000000000.0,1
505689242,29,1120000000000000.0,1
505689242,30,1120000000000000.0,1
505689242,31,160000000000000.0,0
505689242,32,140000000000000.0,0
505689242,33,120000000000000.0,0
505689242,34,100000000000000.0,0
505689242,35,80000000000000.0,0
505689242,37,50000000000000.0,0
505689242,38,50000000000000.0,0
505689242,39,50000000000000.0,0
505689242,40,70000000000000.0,0
505689242,41,90000000000000.0,0
505689242,42,110000000000000.0,0
505689242,43,130000000000000.0,0
505689242,44,150000000000000.0,0
505689242,45,170000000000000.0,0
505689242,46,190000000000000.0,0
505689242,47,210000000000000.0,0
505689242,48,230000000000000.0,0
505689242,49,249999984741210.94,0
505689242,50,270000000000000.0,0
505689242,51,290000000000000.0,2
505689242,52,310000000000000.0,5
505689242,53,330000000000000.0,8
505689242,54,350000000000000.0,9
505689242,55,370000000000000.0,11
505689242,56,390000000000000.0,12
505689242,57,410000000000000.0,14
505689242,58,430000000000000.0,16
505689242,59,280000000000000.0,1
505689242,60,270000000000000.0,0
505689242,61,280000000000000.0,0
505689242,62,280000000000000.0,2
505689242,63,280000000000000.0,1
505689242,64,280000000000000.0,0
505689242,65,290000000000000.0,2
505689242,66,290000000000000.0,2
505689242,67,290000000000000.0,3
505689242,68,672125000000000.0,0
505689242,70,672125000000000.0,0
505689242,71,683750000000000.0,0
505689242,72,672125000000000.0,0
505689242,75,683750000000000.0,0
505689242,78,400000000000000.0,0
505689242,79,400000000000000.0,0
505689242,80,290000000000000.0,8
505689242,81,290000000000000.0,8
505689242,82,290000000000000.0,8
505689242,83,290000000000000.0,7
505689242,84,330000000000000.0,10
505689242,85,330000000000000.0,10
505689242,86,330000000000000.0,10
505689242,87,330000000000000.0,10
505689242,88,370000000000000.0,13
505689242,89,370000000000000.0,12
505689242,90,370000000000000.0,13
505689242,91,370000000000000.0,13
505689242,94,50000000000000.0,0
528605746,4,800000000000000.0,0
528605746,5,800000000000000.0,0
528605746,6,800000000000000.0,0
528605746,8,200000000000000.0,0
528605746,9,300000000000000.0,0
528605746,10,400000000000000.0,0
528605746,11,499999969482421.9,0
528605746,12,600000000000000.0,0
528605746,13,700000000000000.0,1
528605746,14,700000000000000.0,1
528605746,15,700000000000000.0,0
528605746,16,700000000000000.0,1
528605746,17,700000000000000.0,1
528605746,18,700000000000000.0,1
528605746,19,160000000000000.0,0
528605746,20,140000000000000.0,0
528605746,21,120000000000000.0,0
528605746,22,100000000000000.0,0
528605746,23,80000000000000.0,0
528605746,24,60000000000000.0,0
528605746,25,50000000000000.0,0
528605746,26,50000000000000.0,0
528605746,27,50000000000000.0,0
528605746,28,70000000000000.0,0
528605746,31,130000000000000.0,8
528605746,32,150000000000000.0,12
528605746,33,170000000000000.0,16
528605746,34,190000000000000.0,20
528605746,35,210000000000000.0,23
528605746,36,230000000000000.0,27
528605746,38,90000000000000.0,2
528605746,39,90000000000000.0,2
528605746,40,90000000000000.0,1
528605746,41,208750000000000.0,0
528605746,42,212500000000000.0,0
528605746,43,208750000000000.0,0
528605746,44,212500000000000.0,0
528605746,45,208750000000000.0,0
528605746,47,208750000000000.0,0
528605746,48,212500000000000.0,0
528605746,50,400000000000000.0,0
528605746,53,50000000000000.0,0
541548139,4,800000000000000.0,0
541548139,5,800000000000000.0,0
541548139,6,800000000000000.0,0
541548139,7,100000000000000.0,0
541548139,8,200000000000000.0,0
541548139,9,300000000000000.0,0
541548139,10,400000000000000.0,0
541548139,11,499999969482421.9,1
541548139,12,450000000000000.0,0
541548139,13,469999969482421.9,0
541548139,14,479999969482421.9,0
541548139,15,489999969482421.9,0
541548139,16,499999969482421.9,1
541548139,17,499999969482421.9,0
541548139,18,509999969482421.9,1
541548139,19,509999969482421.9,0
541548139,20,520000000000000.0,1
541548139,21,520000000000000.0,1
541548139,22,520000000000000.0,1
541548139,23,520000000000000.0,1
541548139,24,520000000000000.0,1
541548139,25,160000000000000.0,0
541548139,26,140000000000000.0,0
541548139,27,120000000000000.0,0
541548139,28,100000000000000.0,0
541548139,29,80000000000000.0,0
541548139,30,60000000000000.0,0
541548139,31,50000000000000.0,0
541548139,32,50000000000000.0,0
541548139,33,50000000000000.0,0
541548139,34,70000000000000.0,2
541548139,35,90000000000000.0,10
541548139,36,110000000000000.0,16
541548139,37,130000000000000.0,22
541548139,38,150000000000000.0,27
541548139,39,170000000000000.0,31
541548139,40,190000000000000.0,36
541548139,41,210000000000000.0,38
541548139,42,59999996185302.734,0
541548139,43,70000000000000.0,2
541548139,44,70000000000000.0,3
541548139,45,70000000000000.0,4
541548139,46,70000000000000.0,2
541548139,47,162250000000000.0,0
541548139,48,165000000000000.0,0
541548139,49,162250000000000.0,0
541548139,50,165000000000000.0,0
541548139,51,162250000000000.0,0
541548139,52,165000000000000.0,0
541548139,53,162250000000000.0,0
541548139,54,165000000000000.0,0
541548139,56,400000000000000.0,0
541548139,57,400000000000000.0,0
541548139,61,50000000000000.0,0
571525618,4,800000000000000.0,0
571525618,5,800000000000000.0,0
571525618,6,800000000000000.0,0
571525618,7,100000000000000.0,0
571525618,8,200000000000000.0,0
571525618,9,300000000000000.0,1
571525618,10,249999984741210.94,1
571525618,11,230000000000000.0,0
571525618,14,249999984741210.94,1
571525618,15,249999984741210.94,0
571525618,16,249999984741210.94,0
571525618,17,249999984741210.94,0
571525618,18,270000000000000.0,1
571525618,19,270000000000000.0,1
571525618,20,270000000000000.0,1
571525618,21,270000000000000.0,1
571525618,23,270000000000000.0,1
571525618,25,270000000000000.0,0
571525618,26,270000000000000.0,0
571525618,27,270000000000000.0,0
571525618,28,160000000000000.0,0
571525618,29,140000000000000.0,0
571525618,30,120000000000000.0,0
571525618,31,100000000000000.0,0
571525618,32,80000000000000.0,0
571525618,33,60000000000000.0,0
571525618,34,50000000000000.0,0
571525618,35,50000000000000.0,0
571525618,36,50000000000000.0,0
571525618,37,70000000000000.0,3
571525618,38,90000000000000.0,18
571525618,39,110000000000000.0,31
571525618,40,130000000000000.0,42
571525618,42,170000000000000.0,63
571525618,43,190000000000000.0,70
571525618,44,210000000000000.0,80
571525618,45,59999996185302.734,0
571525618,46,70000000000000.0,1
571525618,47,70000000000000.0,1
571525618,49,70000000000000.0,1
571525618,50,110000000000000.0,27
571525618,51,110000000000000.0,25
571525618,52,110000000000000.0,23
571525618,53,110000000000000.0,25
571525618,54,162250000000000.0,0
571525618,55,165000000000000.0,0
571525618,56,162250000000000.0,0
571525618,57,165000000000000.0,0
571525618,59,400000000000000.0,0
571525618,60,400000000000000.0,0
571525618,61,400000000000000.0,0
571525618,62,400000000000000.0,0
571525618,64,400000000000000.0,0
571525618,66,400000000000000.0,0
571525618,67,400000000000000.0,0
571525618,68,400000000000000.0,0
571525618,71,50000000000000.0,0
571525618,72,50000000000000.0,0
562380252,5,800000000000000.0,0
562380252,6,800000000000000.0,0
562380252,7,100000000000000.0,0
562380252,8,200000000000000.0,0
562380252,9,300000000000000.0,0
562380252,10,400000000000000.0,1
562380252,12,370000000000000.0,0
562380252,13,390000000000000.0,0
562380252,14,400000000000000.0,1
562380252,15,400000000000000.0,1
562380252,16,400000000000000.0,1
562380252,17,400000000000000.0,1
562380252,18,400000000000000.0,0
562380252,19,400000000000000.0,1
562380252,20,400000000000000.0,0
562380252,21,400000000000000.0,1
562380252,22,400000000000000.0,0
562380252,23,400000000000000.0,0
562380252,24,160000000000000.0,0
562380252,25,140000000000000.0,0
562380252,26,120000000000000.0,0
562380252,27,100000000000000.0,0
562380252,28,80000000000000.0,0
562380252,30,50000000000000.0,0
562380252,31,50000000000000.0,0
562380252,32,50000000000000.0,0
562380252,33,70000000000000.0,0
562380252,34,90000000000000.0,0
562380252,35,110000000000000.0,0
562380252,36,130000000000000.0,0
562380252,37,150000000000000.0,0
562380252,38,170000000000000.0,0
562380252,39,190000000000000.0,0
562380252,40,210000000000000.0,7
562380252,41,230000000000000.0,0
562380252,42,249999984741210.94,44
562380252,43,270000000000000.0,49
562380252,44,290000000000000.0,69
562380252,45,310000000000000.0,76
562380252,46,330000000000000.0,82
562380252,47,350000000000000.0,89
562380252,48,370000000000000.0,95
562380252,49,390000000000000.0,101
562380252,50,200000000000000.0,0
562380252,51,220000000000000.0,14
562380252,52,220000000000000.0,0
562380252,53,220000000000000.0,0
562380252,54,230000000000000.0,1
562380252,55,230000000000000.0,0
562380252,56,230000000000000.0,9
562380252,57,230000000000000.0,0
562380252,58,533125000000000.0,0
562380252,59,542250000000000.0,0
562380252,60,533125000000000.0,0
562380252,61,542250000000000.0,0
562380252,63,542250000000000.0,0
562380252,67,400000000000000.0,0
562380252,68,400000000000000.0,0
562380252,71,50000000000000.0,0
526714785,4,800000000000000.0,0
526714785,5,800000000000000.0,0
526714785,6,800000000000000.0,0
526714785,7,100000000000000.0,0
526714785,8,200000000000000.0,0
526714785,9,300000000000000.0,0
526714785,10,400000000000000.0,0
526714785,11,499999969482421.9,0
526714785,12,600000000000000.0,1
526714785,13,700000000000000.0,0
526714785,14,800000000000000.0,0
526714785,15,900000000000000.0,0
526714785,16,999999938964843.8,0
526714785,17,1100000000000000.0,0
526714785,18,1200000000000000.0,0
526714785,19,1300000000000000.0,0
526714785,20,1400000000000000.0,0
526714785,21,1500000000000000.0,0
526714785,22,1600000000000000.0,0
526714785,23,1700000000000000.0,0
526714785,24,1800000000000000.0,0
526714785,25,1899999877929687.5,0
526714785,26,1999999877929687.5,0
526714785,27,2100000000000000.0,0
526714785,28,2200000000000000.0,0
526714785,29,2300000000000000.0,0
526714785,30,2400000000000000.0,0
526714785,31,2500000000000000.0,0
526714785,32,2600000000000000.0,0
526714785,33,2700000000000000.0,0
526714785,34,2800000000000000.0,0
526714785,35,2900000000000000.0,0
526714785,36,3000000000000000.0,0
526714785,37,3100000000000000.0,0
526714785,38,3200000000000000.0,1
526714785,39,3150000000000000.0,0
526714785,40,3170000000000000.0,0
526714785,41,3190000000000000.0,0
526714785,42,3200000000000000.0,0
526714785,43,3220000000000000.0,1
526714785,44,3210000000000000.0,1
526714785,45,3210000000000000.0,1
526714785,46,3210000000000000.0,1
526714785,47,3210000000000000.0,1
526714785,48,3210000000000000.0,1
526714785,49,160000000000000.0,0
526714785,50,140000000000000.0,0
526714785,51,120000000000000.0,0
526714785,52,100000000000000.0,0
526714785,53,80000000000000.0,0
526714785,54,60000000000000.0,0
526714785,55,50000000000000.0,0
526714785,56,50000000000000.0,0
526714785,57,50000000000000.0,0
526714785,58,70000000000000.0,0
526714785,59,90000000000000.0,0
526714785,60,110000000000000.0,0
526714785,61,130000000000000.0,0
526714785,62,150000000000000.0,0
526714785,63,170000000000000.0,0
526714785,64,190000000000000.0,0
526714785,65,210000000000000.0,0
526714785,66,230000000000000.0,0
526714785,67,249999984741210.94,0
526714785,68,270000000000000.0,0
526714785,69,290000000000000.0,0
526714785,70,310000000000000.0,0
526714785,71,330000000000000.0,0
526714785,72,350000000000000.0,0
526714785,73,370000000000000.0,0
526714785,74,390000000000000.0,0
526714785,75,410000000000000.0,0
526714785,76,430000000000000.0,0
526714785,77,450000000000000.0,1
526714785,78,469999969482421.9,2
526714785,79,489999969482421.9,3
526714785,80,509999969482421.9,4
526714785,81,530000000000000.0,5
526714785,82,550000000000000.0,6
526714785,83,570000000000000.0,7
526714785,84,590000000000000.0,8
526714785,90,450000000000000.0,1
526714785,91,450000000000000.0,1
526714785,92,450000000000000.0,1
526714785,93,450000000000000.0,1
526714785,94,1043000000000000.0,0
526714785,95,1061000000000000.0,0
526714785,96,1043000000000000.0,0
526714785,97,1061000000000000.0,0
526714785,98,1043000000000000.0,0
526714785,99,1061000000000000.0,0
526714785,100,1043000000000000.0,0
526714785,101,1061000000000000.0,0
526714785,103,400000000000000.0,0
526714785,104,400000000000000.0,0
526714785,107,50000000000000.0,0
528638213,5,800000000000000.0,0
528638213,6,800000000000000.0,0
528638213,7,800000000000000.0,0
528638213,8,100000000000000.0,0
528638213,9,200000000000000.0,0
528638213,10,300000000000000.0,0
528638213,11,400000000000000.0,0
528638213,12,499999969482421.9,0
528638213,13,600000000000000.0,0
528638213,14,700000000000000.0,0
528638213,15,800000000000000.0,0
528638213,16,900000000000000.0,0
528638213,17,999999938964843.8,1
528638213,18,949999938964843.8,0
528638213,19,969999938964843.8,0
528638213,20,989999938964843.8,1
528638213,21,979999938964843.8,0
528638213,22,989999938964843.8,0
528638213,23,999999938964843.8,0
528638213,24,1009999938964843.8,0
528638213,25,1019999938964843.8,0
528638213,26,1030000000000000.0,0
528638213,27,1040000000000000.0,0
528638213,28,1050000000000000.0,0
528638213,29,1060000000000000.0,0
528638213,30,1070000000000000.0,0
528638213,31,1080000000000000.0,0
528638213,32,1090000000000000.0,0
528638213,33,1100000000000000.0,0
528638213,34,1110000000000000.0,0
528638213,35,1130000000000000.0,0
528638213,36,1150000000000000.0,0
528638213,37,1200000000000000.0,1
528638213,38,1190000000000000.0,0
528638213,39,1200000000000000.0,1
528638213,40,1200000000000000.0,0
528638213,41,1200000000000000.0,0
528638213,42,1210000000000000.0,0
528638213,43,1220000000000000.0,0
528638213,44,1230000000000000.0,0
528638213,45,1250000000000000.0,0
528638213,46,1270000000000000.0,1
528638213,47,1270000000000000.0,0
528638213,48,1270000000000000.0,0
528638213,49,1270000000000000.0,0
528638213,50,1290000000000000.0,0
528638213,51,1310000000000000.0,1
528638213,52,1310000000000000.0,0
528638213,53,1310000000000000.0,0
528638213,54,1310000000000000.0,0
528638213,55,1330000000000000.0,1
528638213,56,1330000000000000.0,1
528638213,57,1330000000000000.0,0
528638213,58,1330000000000000.0,0
528638213,59,1330000000000000.0,0
528638213,60,1350000000000000.0,0
528638213,61,1370000000000000.0,0
528638213,62,1390000000000000.0,0
528638213,63,1410000000000000.0,0
528638213,64,1430000000000000.0,0
528638213,65,1450000000000000.0,0
528638213,66,1500000000000000.0,1
528638213,67,1500000000000000.0,1
528638213,68,1500000000000000.0,0
528638213,69,1500000000000000.0,0
528638213,70,1500000000000000.0,1
528638213,71,160000000000000.0,0
528638213,72,140000000000000.0,0
528638213,73,120000000000000.0,0
528638213,74,100000000000000.0,0
528638213,75,80000000000000.0,0
528638213,76,60000000000000.0,0
528638213,77,50000000000000.0,0
528638213,78,50000000000000.0,0
528638213,79,50000000000000.0,0
528638213,80,70000000000000.0,0
528638213,81,90000000000000.0,0
528638213,82,110000000000000.0,0
528638213,83,130000000000000.0,0
528638213,84,150000000000000.0,0
528638213,85,170000000000000.0,1
528638213,86,190000000000000.0,1
528638213,87,210000000000000.0,2
528638213,88,230000000000000.0,2
528638213,89,249999984741210.94,2
528638213,90,270000000000000.0,2
528638213,91,290000000000000.0,2
528638213,92,310000000000000.0,2
528638213,93,160000000000000.0,0
528638213,94,170000000000000.0,0
528638213,95,180000000000000.0,1
528638213,96,180000000000000.0,1
528638213,97,180000000000000.0,1
528638213,98,180000000000000.0,1
528638213,99,417500000000000.0,0
528638213,100,424375000000000.0,0
528638213,101,417500000000000.0,0
528638213,102,424375000000000.0,0
528638213,103,417500000000000.0,0
528638213,104,424375000000000.0,0
528638213,106,424375000000000.0,0
528638213,108,400000000000000.0,0
528638213,109,400000000000000.0,0
528638213,111,190000000000000.0,0
528638213,112,200000000000000.0,0
528638213,113,210000000000000.0,0
528638213,114,220000000000000.0,0
528638213,115,230000000000000.0,0
528638213,116,239999984741210.94,1
528638213,117,239999984741210.94,1
528638213,118,239999984741210.94,0
528638213,119,239999984741210.94,0
528638213,120,280000000000000.0,1
528638213,121,280000000000000.0,1
528638213,122,280000000000000.0,1
528638213,123,280000000000000.0,1
528638213,124,320000000000000.0,1
528638213,125,320000000000000.0,1
528638213,126,320000000000000.0,1
528638213,127,320000000000000.0,1
528638213,133,50000000000000.0,0
571520445,5,800000000000000.0,0
571520445,6,800000000000000.0,0
571520445,7,800000000000000.0,0
571520445,8,100000000000000.0,0
571520445,9,200000000000000.0,0
571520445,10,300000000000000.0,1
571520445,11,249999984741210.94,1
571520445,12,230000000000000.0,0
571520445,14,249999984741210.94,1
571520445,15,249999984741210.94,1
571520445,16,249999984741210.94,1
571520445,17,249999984741210.94,1
571520445,18,160000000000000.0,0
571520445,19,140000000000000.0,0
571520445,20,120000000000000.0,0
571520445,21,100000000000000.0,0
571520445,22,80000000000000.0,0
571520445,23,60000000000000.0,0
571520445,24,50000000000000.0,0
571520445,25,50000000000000.0,10
571520445,26,50000000000000.0,26
571520445,27,70000000000000.0,44
571520445,29,110000000000000.0,66
571520445,30,130000000000000.0,74
571520445,31,150000000000000.0,79
571520445,32,170000000000000.0,84
571520445,33,50000000000000.0,11
571520445,34,50000000000000.0,7
571520445,35,50000000000000.0,7
571520445,36,50000000000000.0,8
571520445,37,70000000000000.0,40
571520445,38,70000000000000.0,37
571520445,39,70000000000000.0,36
571520445,40,70000000000000.0,38
571520445,41,69500000000000.0,0
571520445,42,70750000000000.0,0
571520445,43,69500000000000.0,0
571520445,44,70750000000000.0,0
571520445,58,50000000000000.0,0
508400454,4,800000000000000.0,0
508400454,5,800000000000000.0,0
508400454,6,800000000000000.0,0
508400454,7,100000000000000.0,0
508400454,8,200000000000000.0,0
508400454,9,300000000000000.0,0
508400454,10,400000000000000.0,0
508400454,11,499999969482421.9,0
508400454,12,600000000000000.0,0
508400454,13,700000000000000.0,0
508400454,15,900000000000000.0,0
508400454,16,999999938964843.8,0
508400454,17,1100000000000000.0,0
508400454,18,1200000000000000.0,0
508400454,19,1300000000000000.0,0
508400454,20,1400000000000000.0,0
508400454,21,1500000000000000.0,0
508400454,22,1600000000000000.0,0
508400454,23,1700000000000000.0,0
508400454,24,1800000000000000.0,0
508400454,25,1899999877929687.5,0
508400454,26,1999999877929687.5,0
508400454,27,2100000000000000.0,0
508400454,28,2200000000000000.0,1
508400454,29,2150000000000000.0,1
508400454,30,2130000000000000.0,1
508400454,31,2110000000000000.0,1
508400454,33,2090000000000000.0,0
508400454,35,2100000000000000.0,0
508400454,36,2100000000000000.0,0
508400454,37,2100000000000000.0,0
508400454,38,2100000000000000.0,0
508400454,39,2110000000000000.0,0
508400454,40,2120000000000000.0,0
508400454,41,2130000000000000.0,0
508400454,42,2140000000000000.0,0
508400454,43,2150000000000000.0,0
508400454,44,2160000000000000.0,0
508400454,45,2170000000000000.0,0
508400454,46,2190000000000000.0,0
508400454,47,2210000000000000.0,0
508400454,48,2230000000000000.0,0
508400454,49,2250000000000000.0,0
508400454,50,2270000000000000.0,1
508400454,51,2270000000000000.0,1
508400454,52,2270000000000000.0,0
508400454,54,2270000000000000.0,0
508400454,56,140000000000000.0,0
508400454,57,120000000000000.0,0
508400454,58,100000000000000.0,0
508400454,59,80000000000000.0,0
508400454,61,50000000000000.0,0
508400454,65,90000000000000.0,0
508400454,66,110000000000000.0,0
508400454,67,130000000000000.0,0
508400454,68,150000000000000.0,0
508400454,69,170000000000000.0,0
508400454,70,190000000000000.0,0
508400454,71,210000000000000.0,0
508400454,72,230000000000000.0,1
508400454,73,249999984741210.94,2
508400454,74,270000000000000.0,2
508400454,75,290000000000000.0,3
508400454,76,310000000000000.0,5
508400454,77,330000000000000.0,6
508400454,78,350000000000000.0,7
508400454,79,370000000000000.0,7
508400454,80,239999984741210.94,0
508400454,81,249999984741210.94,1
508400454,82,249999984741210.94,1
508400454,83,249999984741210.94,1
508400454,84,249999984741210.94,2
508400454,85,579500000000000.0,0
508400454,89,579500000000000.0,0
508400454,90,589375000000000.0,0
508400454,92,589375000000000.0,0
508400454,94,400000000000000.0,0
508400454,95,400000000000000.0,0
508400454,96,249999984741210.94,1
508400454,97,249999984741210.94,1
508400454,98,249999984741210.94,1
508400454,99,249999984741210.94,1
508400454,100,290000000000000.0,2
508400454,101,290000000000000.0,2
508400454,110,50000000000000.0,0
571624532,6,800000000000000.0,0
571624532,7,800000000000000.0,0
571624532,8,800000000000000.0,0
571624532,9,300000000000000.0,0
571624532,10,600000000000000.0,0
571624532,11,900000000000000.0,0
571624532,12,1200000000000000.0,0
571624532,13,1500000000000000.0,0
571624532,14,1800000000000000.0,1
571624532,15,1600000000000000.0,0
571624532,16,1700000000000000.0,1
571624532,17,1650000000000000.0,1
571624532,18,1630000000000000.0,1
571624532,19,1610000000000000.0,1
571624532,21,1610000000000000.0,1
571624532,22,1610000000000000.0,1
571624532,23,1610000000000000.0,1
571624532,24,1610000000000000.0,1
571624532,25,270000000000000.0,0
571624532,26,230000000000000.0,0
571624532,27,190000000000000.0,0
571624532,28,150000000000000.0,0
571624532,29,110000000000000.0,0
571624532,30,70000000000000.0,0
571624532,31,50000000000000.0,0
571624532,32,59999996185302.734,0
571624532,33,100000000000000.0,0
571624532,34,140000000000000.0,0
571624532,35,180000000000000.0,4
571624532,36,220000000000000.0,9
571624532,37,260000000000000.0,13
571624532,38,300000000000000.0,16
571624532,39,340000000000000.0,20
571624532,40,380000000000000.0,23
571624532,41,420000000000000.0,26
571624532,42,460000000000000.0,29
571624532,43,160000000000000.0,1
571624532,44,160000000000000.0,1
571624532,45,160000000000000.0,1
571624532,46,160000000000000.0,1
571624532,47,200000000000000.0,6
571624532,48,200000000000000.0,6
571624532,49,200000000000000.0,6
571624532,50,200000000000000.0,5
571624532,51,239999984741210.94,9
571624532,52,239999984741210.94,9
571624532,53,370875000000000.0,0
571624532,54,377250000000000.0,0
571624532,56,377250000000000.0,0
571624532,58,400000000000000.0,0
571624532,59,400000000000000.0,0
571624532,60,400000000000000.0,0
571624532,61,400000000000000.0,0
571624532,62,400000000000000.0,0
571624532,63,400000000000000.0,0
571624532,64,400000000000000.0,0
571624532,65,400000000000000.0,0
571624532,66,400000000000000.0,0
571624532,67,400000000000000.0,0
571624532,70,50000000000000.0,0
571624532,71,50000000000000.0,0
528016025,5,800000000000000.0,0
528016025,6,800000000000000.0,0
528016025,7,800000000000000.0,0
528016025,8,100000000000000.0,0
528016025,9,200000000000000.0,0
528016025,10,300000000000000.0,0
528016025,11,400000000000000.0,0
528016025,12,499999969482421.9,1
528016025,13,450000000000000.0,1
528016025,14,430000000000000.0,1
528016025,15,410000000000000.0,1
528016025,16,390000000000000.0,1
528016025,17,370000000000000.0,0
528016025,18,380000000000000.0,0
528016025,19,390000000000000.0,0
528016025,20,400000000000000.0,1
528016025,21,400000000000000.0,0
528016025,22,400000000000000.0,0
528016025,23,400000000000000.0,0
528016025,24,410000000000000.0,0
528016025,25,420000000000000.0,1
528016025,26,420000000000000.0,0
528016025,27,420000000000000.0,1
528016025,28,420000000000000.0,0
528016025,29,430000000000000.0,1
528016025,30,430000000000000.0,1
528016025,31,430000000000000.0,1
528016025,32,430000000000000.0,1
528016025,33,430000000000000.0,1
528016025,34,160000000000000.0,0
528016025,35,140000000000000.0,0
528016025,36,120000000000000.0,0
528016025,37,100000000000000.0,0
528016025,38,80000000000000.0,0
528016025,39,60000000000000.0,0
528016025,40,50000000000000.0,0
528016025,41,50000000000000.0,0
528016025,42,50000000000000.0,0
528016025,43,70000000000000.0,0
528016025,45,110000000000000.0,0
528016025,46,130000000000000.0,17
528016025,47,150000000000000.0,33
528016025,48,170000000000000.0,41
528016025,49,190000000000000.0,48
528016025,50,210000000000000.0,55
528016025,52,249999984741210.94,68
528016025,53,270000000000000.0,75
528016025,54,119999992370605.47,21
528016025,55,110000000000000.0,1
528016025,56,100000000000000.0,0
528016025,57,110000000000000.0,9
528016025,58,110000000000000.0,1
528016025,62,254999984741210.94,0
528016025,63,259375000000000.0,0
528016025,66,50000000000000.0,0
527944264,4,800000000000000.0,0
527944264,5,800000000000000.0,0
527944264,6,800000000000000.0,0
527944264,7,100000000000000.0,0
527944264,8,200000000000000.0,0
527944264,9,300000000000000.0,0
527944264,10,400000000000000.0,0
527944264,11,499999969482421.9,0
527944264,12,600000000000000.0,1
527944264,13,550000000000000.0,1
527944264,14,530000000000000.0,0
527944264,15,540000000000000.0,0
527944264,16,540000000000000.0,0
527944264,17,550000000000000.0,0
527944264,18,560000000000000.0,0
527944264,19,570000000000000.0,0
527944264,20,580000000000000.0,1
527944264,21,580000000000000.0,1
527944264,22,580000000000000.0,0
527944264,23,580000000000000.0,0
527944264,24,580000000000000.0,0
527944264,25,590000000000000.0,0
527944264,26,600000000000000.0,1
527944264,27,600000000000000.0,0
527944264,28,600000000000000.0,0
527944264,29,600000000000000.0,1
527944264,30,600000000000000.0,1
527944264,31,160000000000000.0,0
527944264,32,140000000000000.0,0
527944264,34,100000000000000.0,0
527944264,35,80000000000000.0,0
527944264,38,50000000000000.0,0
527944264,39,50000000000000.0,0
527944264,40,70000000000000.0,0
527944264,41,90000000000000.0,0
527944264,42,110000000000000.0,0
527944264,44,150000000000000.0,0
527944264,45,170000000000000.0,0
527944264,49,249999984741210.94,31
527944264,50,270000000000000.0,36
527944264,51,290000000000000.0,41
527944264,52,310000000000000.0,46
527944264,53,330000000000000.0,50
527944264,54,180000000000000.0,0
527944264,55,190000000000000.0,0
527944264,56,200000000000000.0,1
527944264,57,200000000000000.0,0
527944264,58,210000000000000.0,5
527944264,59,210000000000000.0,4
527944264,60,210000000000000.0,4
527944264,61,210000000000000.0,1
527944264,62,486874969482421.9,0
527944264,63,494999969482421.9,0
527944264,65,494999969482421.9,0
527944264,68,50000000000000.0,0
529979375,4,800000000000000.0,0
529979375,5,800000000000000.0,0
529979375,6,800000000000000.0,0
529979375,7,100000000000000.0,0
529979375,8,200000000000000.0,0
529979375,9,300000000000000.0,0
529979375,10,400000000000000.0,0
529979375,11,499999969482421.9,0
529979375,12,600000000000000.0,0
529979375,13,700000000000000.0,0
529979375,14,800000000000000.0,0
529979375,15,900000000000000.0,0
529979375,16,999999938964843.8,0
529979375,17,1100000000000000.0,0
529979375,18,1200000000000000.0,0
529979375,19,1300000000000000.0,0
529979375,20,1400000000000000.0,0
529979375,21,1500000000000000.0,0
529979375,22,1600000000000000.0,0
529979375,23,1700000000000000.0,0
529979375,24,1800000000000000.0,0
529979375,25,1899999877929687.5,0
529979375,26,1999999877929687.5,0
529979375,27,2100000000000000.0,0
529979375,28,2200000000000000.0,0
529979375,29,2300000000000000.0,1
529979375,30,2250000000000000.0,1
529979375,31,2230000000000000.0,1
529979375,32,2210000000000000.0,0
529979375,33,2220000000000000.0,1
529979375,34,2220000000000000.0,1
529979375,35,2220000000000000.0,1
529979375,36,2220000000000000.0,0
529979375,37,2220000000000000.0,0
529979375,38,2230000000000000.0,0
529979375,39,2240000000000000.0,1
529979375,40,2240000000000000.0,0
529979375,41,2250000000000000.0,0
529979375,42,2270000000000000.0,0
529979375,43,2290000000000000.0,0
529979375,44,2300000000000000.0,0
529979375,45,2330000000000000.0,1
529979375,46,2330000000000000.0,1
529979375,47,2330000000000000.0,1
529979375,48,2330000000000000.0,1
529979375,49,2330000000000000.0,1
529979375,50,160000000000000.0,0
529979375,51,140000000000000.0,0
529979375,52,120000000000000.0,0
529979375,53,100000000000000.0,0
529979375,54,80000000000000.0,0
529979375,56,50000000000000.0,0
529979375,57,50000000000000.0,0
529979375,58,50000000000000.0,0
529979375,59,70000000000000.0,0
529979375,60,90000000000000.0,0
529979375,61,110000000000000.0,0
529979375,62,130000000000000.0,0
529979375,63,150000000000000.0,0
529979375,64,170000000000000.0,0
529979375,65,190000000000000.0,0
529979375,66,210000000000000.0,1
529979375,67,230000000000000.0,1
529979375,68,249999984741210.94,1
529979375,69,270000000000000.0,3
529979375,70,290000000000000.0,5
529979375,71,310000000000000.0,6
529979375,72,330000000000000.0,7
529979375,73,350000000000000.0,8
529979375,74,200000000000000.0,1
529979375,75,200000000000000.0,0
529979375,76,210000000000000.0,1
529979375,77,210000000000000.0,1
529979375,78,210000000000000.0,1
529979375,79,210000000000000.0,1
529979375,80,486749969482421.9,0
529979375,83,495125000000000.0,0
529979375,89,400000000000000.0,0
529979375,91,400000000000000.0,0
529979375,92,210000000000000.0,1
529979375,93,210000000000000.0,1
529979375,94,210000000000000.0,1
529979375,95,210000000000000.0,1
529979375,96,210000000000000.0,1
529979375,97,249999984741210.94,3
529979375,98,249999984741210.94,2
529979375,99,249999984741210.94,2
529979375,100,249999984741210.94,2
529979375,101,290000000000000.0,6
529979375,103,290000000000000.0,5
529979375,104,290000000000000.0,4
529979375,107,50000000000000.0,0
520470657,4,800000000000000.0,0
520470657,5,800000000000000.0,0
520470657,6,800000000000000.0,0
520470657,7,100000000000000.0,0
520470657,8,200000000000000.0,0
520470657,9,300000000000000.0,0
520470657,10,400000000000000.0,0
520470657,11,499999969482421.9,0
520470657,12,600000000000000.0,0
520470657,13,700000000000000.0,0
520470657,14,800000000000000.0,0
520470657,15,900000000000000.0,0
520470657,16,999999938964843.8,0
520470657,17,1100000000000000.0,0
520470657,18,1200000000000000.0,0
520470657,19,1300000000000000.0,0
520470657,20,1400000000000000.0,0
520470657,21,1500000000000000.0,0
520470657,22,1600000000000000.0,0
520470657,23,1700000000000000.0,0
520470657,24,1800000000000000.0,0
520470657,25,1899999877929687.5,0
520470657,26,1999999877929687.5,0
520470657,27,2100000000000000.0,0
520470657,28,2200000000000000.0,0
520470657,29,2300000000000000.0,0
520470657,30,2400000000000000.0,0
520470657,31,2500000000000000.0,0
520470657,32,2600000000000000.0,0
520470657,33,2700000000000000.0,2
520470657,34,2650000000000000.0,0
520470657,35,2670000000000000.0,0
520470657,36,2690000000000000.0,0
520470657,37,2700000000000000.0,0
520470657,38,2710000000000000.0,2
520470657,39,2710000000000000.0,2
520470657,40,2710000000000000.0,2
520470657,41,2710000000000000.0,2
520470657,42,2710000000000000.0,2
520470657,43,2710000000000000.0,2
520470657,44,160000000000000.0,0
520470657,45,140000000000000.0,0
520470657,46,120000000000000.0,0
520470657,47,100000000000000.0,0
520470657,48,80000000000000.0,0
520470657,49,60000000000000.0,0
520470657,50,50000000000000.0,0
520470657,51,50000000000000.0,0
520470657,52,50000000000000.0,0
520470657,53,70000000000000.0,0
520470657,54,90000000000000.0,0
520470657,55,110000000000000.0,0
520470657,56,130000000000000.0,0
520470657,57,150000000000000.0,0
520470657,58,170000000000000.0,0
520470657,59,190000000000000.0,0
520470657,60,210000000000000.0,0
520470657,61,230000000000000.0,0
520470657,62,249999984741210.94,2
520470657,63,270000000000000.0,2
520470657,64,290000000000000.0,2
520470657,65,310000000000000.0,3
520470657,66,330000000000000.0,3
520470657,67,350000000000000.0,3
520470657,68,370000000000000.0,3
520470657,69,390000000000000.0,3
520470657,70,239999984741210.94,2
520470657,71,230000000000000.0,2
520470657,72,220000000000000.0,1
520470657,73,210000000000000.0,0
520470657,74,220000000000000.0,1
520470657,75,220000000000000.0,1
520470657,76,220000000000000.0,1
520470657,77,509874969482421.9,0
520470657,78,518625000000000.0,0
520470657,79,509874969482421.9,0
520470657,80,518625000000000.0,0
520470657,81,509874969482421.9,0
520470657,82,518625000000000.0,0
520470657,83,509874969482421.9,0
520470657,84,518625000000000.0,0
520470657,86,400000000000000.0,0
520470657,87,400000000000000.0,0
520470657,88,220000000000000.0,2
520470657,89,220000000000000.0,2
520470657,90,220000000000000.0,2
520470657,91,220000000000000.0,2
520470657,92,260000000000000.0,2
520470657,93,260000000000000.0,2
520470657,94,260000000000000.0,2
520470657,95,260000000000000.0,2
520470657,96,300000000000000.0,2
520470657,97,300000000000000.0,2
520470657,98,300000000000000.0,2
520470657,99,300000000000000.0,2
520470657,100,2710000000000000.0,0
520470657,101,2730000000000000.0,0
520470657,102,2750000000000000.0,0
520470657,103,2800000000000000.0,0
520470657,104,2850000000000000.0,0
520470657,105,2900000000000000.0,0
520470657,106,3000000000000000.0,0
520470657,107,3100000000000000.0,0
520470657,108,3200000000000000.0,0
520470657,109,3150000000000000.0,0
520470657,110,3150000000000000.0,0
520470657,111,3150000000000000.0,0
520470657,112,3150000000000000.0,0
520470657,113,3150000000000000.0,0
520470657,114,3150000000000000.0,0
520470657,115,3150000000000000.0,0
520470657,116,3150000000000000.0,0
520470657,117,3150000000000000.0,0
520470657,118,3150000000000000.0,0
520470657,119,3150000000000000.0,0
520470657,120,3150000000000000.0,0
520470657,121,3150000000000000.0,0
520470657,122,3150000000000000.0,0
520470657,123,3150000000000000.0,0
520470657,124,3150000000000000.0,0
520470657,125,3150000000000000.0,0
520470657,126,3150000000000000.0,0
520470657,127,3150000000000000.0,0
520470657,128,3150000000000000.0,0
520470657,129,3150000000000000.0,0
520470657,132,50000000000000.0,0
508372969,4,800000000000000.0,0
508372969,5,800000000000000.0,0
508372969,6,800000000000000.0,0
508372969,7,100000000000000.0,0
508372969,8,200000000000000.0,0
508372969,9,300000000000000.0,0
508372969,10,400000000000000.0,0
508372969,11,499999969482421.9,0
508372969,12,600000000000000.0,0
508372969,13,700000000000000.0,0
508372969,14,800000000000000.0,0
508372969,15,900000000000000.0,0
508372969,16,999999938964843.8,0
508372969,17,1100000000000000.0,0
508372969,18,1200000000000000.0,0
508372969,19,1300000000000000.0,2
508372969,20,1250000000000000.0,0
508372969,21,1260000000000000.0,2
508372969,22,1260000000000000.0,2
508372969,23,1260000000000000.0,2
508372969,24,1260000000000000.0,0
508372969,25,1260000000000000.0,2
508372969,26,160000000000000.0,0
508372969,27,140000000000000.0,0
508372969,28,120000000000000.0,0
508372969,29,100000000000000.0,0
508372969,30,80000000000000.0,0
508372969,31,60000000000000.0,0
508372969,32,50000000000000.0,0
508372969,35,70000000000000.0,0
508372969,36,90000000000000.0,0
508372969,37,110000000000000.0,1
508372969,38,130000000000000.0,1
508372969,39,150000000000000.0,2
508372969,40,170000000000000.0,2
508372969,41,190000000000000.0,2
508372969,42,210000000000000.0,2
508372969,43,230000000000000.0,2
508372969,44,249999984741210.94,3
508372969,45,110000000000000.0,1
508372969,46,110000000000000.0,1
508372969,47,110000000000000.0,1
508372969,48,110000000000000.0,1
508372969,49,254999984741210.94,0
508372969,50,259375000000000.0,0
508372969,51,254999984741210.94,0
508372969,52,259375000000000.0,0
508372969,53,254999984741210.94,0
508372969,54,259375000000000.0,0
508372969,55,254999984741210.94,0
508372969,56,259375000000000.0,0
508372969,58,400000000000000.0,0
508372969,59,400000000000000.0,0
508372969,60,1260000000000000.0,0
508372969,61,1270000000000000.0,0
508372969,62,1280000000000000.0,0
508372969,63,1300000000000000.0,0
508372969,65,1500000000000000.0,2
508372969,66,1450000000000000.0,0
508372969,67,1470000000000000.0,1
508372969,68,1470000000000000.0,0
508372969,69,1470000000000000.0,0
508372969,70,1470000000000000.0,0
508372969,71,1470000000000000.0,0
508372969,72,1470000000000000.0,0
508372969,73,1470000000000000.0,0
508372969,74,1470000000000000.0,0
508372969,75,1470000000000000.0,0
508372969,76,1470000000000000.0,0
508372969,77,1470000000000000.0,0
508372969,78,1470000000000000.0,0
508372969,79,1470000000000000.0,0
508372969,80,1470000000000000.0,0
508372969,81,1470000000000000.0,0
508372969,82,1470000000000000.0,0
508372969,83,1470000000000000.0,0
508372969,84,1470000000000000.0,0
508372969,85,1470000000000000.0,0
508372969,86,1470000000000000.0,0
508372969,87,1470000000000000.0,0
508372969,88,1470000000000000.0,0
508372969,89,100000000000000.0,0
508372969,90,200000000000000.0,0
508372969,91,300000000000000.0,0
508372969,92,400000000000000.0,0
508372969,93,499999969482421.9,0
508372969,95,700000000000000.0,0
508372969,96,800000000000000.0,0
508372969,97,900000000000000.0,0
508372969,98,999999938964843.8,0
508372969,99,1100000000000000.0,1
508372969,100,1050000000000000.0,0
508372969,101,1070000000000000.0,1
508372969,102,1060000000000000.0,1
508372969,103,1060000000000000.0,1
508372969,104,1060000000000000.0,1
508372969,105,1060000000000000.0,1
508372969,106,1060000000000000.0,1
508372969,107,100000000000000.0,0
508372969,108,200000000000000.0,0
508372969,109,300000000000000.0,0
508372969,110,400000000000000.0,0
508372969,111,499999969482421.9,0
508372969,112,600000000000000.0,0
508372969,114,800000000000000.0,0
508372969,115,900000000000000.0,0
508372969,116,999999938964843.8,0
508372969,117,1100000000000000.0,0
508372969,118,1200000000000000.0,0
508372969,119,1300000000000000.0,0
508372969,120,1400000000000000.0,0
508372969,121,1500000000000000.0,0
508372969,122,1600000000000000.0,0
508372969,123,1700000000000000.0,0
508372969,124,1800000000000000.0,0
508372969,125,1899999877929687.5,0
508372969,126,1999999877929687.5,1
508372969,127,1949999877929687.5,0
508372969,128,1969999877929687.5,0
508372969,129,1979999877929687.5,0
508372969,130,1989999877929687.5,1
508372969,131,1989999877929687.5,1
508372969,132,1989999877929687.5,1
508372969,133,1989999877929687.5,1
508372969,134,1989999877929687.5,1
508372969,135,110000000000000.0,0
508372969,136,150000000000000.0,0
508372969,137,170000000000000.0,1
508372969,138,170000000000000.0,1
508372969,139,170000000000000.0,1
508372969,140,170000000000000.0,1
508372969,141,170000000000000.0,1
508372969,142,210000000000000.0,1
508372969,143,210000000000000.0,1
508372969,144,210000000000000.0,1
508372969,145,210000000000000.0,1
508372969,146,249999984741210.94,2
508372969,147,249999984741210.94,2
508372969,148,249999984741210.94,2
508372969,149,249999984741210.94,2
508372969,152,50000000000000.0,0
528617665,4,800000000000000.0,0
528617665,5,800000000000000.0,0
528617665,6,800000000000000.0,0
528617665,7,100000000000000.0,0
528617665,8,200000000000000.0,0
528617665,9,300000000000000.0,0
528617665,10,400000000000000.0,0
528617665,11,499999969482421.9,0
528617665,12,600000000000000.0,0
528617665,13,700000000000000.0,0
528617665,14,800000000000000.0,1
528617665,15,800000000000000.0,1
528617665,16,800000000000000.0,1
528617665,17,800000000000000.0,1
528617665,18,800000000000000.0,1
528617665,19,800000000000000.0,1
528617665,20,160000000000000.0,0
528617665,21,140000000000000.0,0
528617665,22,120000000000000.0,0
528617665,23,100000000000000.0,0
528617665,24,80000000000000.0,0
528617665,25,60000000000000.0,0
528617665,26,50000000000000.0,0
528617665,27,50000000000000.0,0
528617665,28,50000000000000.0,0
528617665,29,70000000000000.0,4
528617665,30,90000000000000.0,8
528617665,31,110000000000000.0,12
528617665,32,130000000000000.0,14
528617665,33,150000000000000.0,17
528617665,34,170000000000000.0,20
528617665,35,190000000000000.0,21
528617665,36,210000000000000.0,23
528617665,37,70000000000000.0,4
528617665,39,70000000000000.0,3
528617665,40,70000000000000.0,3
528617665,41,162500000000000.0,0
528617665,42,165000000000000.0,0
528617665,43,162500000000000.0,0
528617665,45,162500000000000.0,0
528617665,46,165000000000000.0,0
528617665,47,162500000000000.0,0
528617665,49,400000000000000.0,0
528617665,50,400000000000000.0,0
528617665,52,70000000000000.0,3
528617665,53,70000000000000.0,2
528617665,54,70000000000000.0,4
528617665,55,70000000000000.0,3
528617665,56,110000000000000.0,10
528617665,57,110000000000000.0,9
528617665,58,110000000000000.0,10
528617665,59,110000000000000.0,10
528617665,60,150000000000000.0,16
528617665,61,150000000000000.0,15
528617665,62,150000000000000.0,15
528617665,63,150000000000000.0,15
528617665,66,50000000000000.0,0
508400049,4,800000000000000.0,0
508400049,5,800000000000000.0,0
508400049,6,800000000000000.0,0
508400049,7,100000000000000.0,0
508400049,8,200000000000000.0,0
508400049,9,300000000000000.0,0
508400049,10,400000000000000.0,0
508400049,11,499999969482421.9,0
508400049,12,600000000000000.0,0
508400049,13,700000000000000.0,1
508400049,15,630000000000000.0,0
508400049,16,640000000000000.0,1
508400049,17,640000000000000.0,0
508400049,18,650000000000000.0,1
508400049,19,650000000000000.0,1
508400049,20,650000000000000.0,1
508400049,21,650000000000000.0,1
508400049,22,650000000000000.0,1
508400049,24,140000000000000.0,0
508400049,25,120000000000000.0,0
508400049,26,100000000000000.0,0
508400049,27,80000000000000.0,0
508400049,28,60000000000000.0,0
508400049,29,50000000000000.0,0
508400049,30,50000000000000.0,0
508400049,31,50000000000000.0,4
508400049,32,70000000000000.0,9
508400049,33,90000000000000.0,14
508400049,34,110000000000000.0,20
508400049,35,130000000000000.0,23
508400049,36,150000000000000.0,27
508400049,37,170000000000000.0,31
508400049,38,190000000000000.0,34
508400049,39,50000000000000.0,0
508400049,40,50000000000000.0,1
508400049,41,50000000000000.0,1
508400049,42,50000000000000.0,2
508400049,43,115875000000000.0,0
508400049,44,117875000000000.0,0
508400049,45,115875000000000.0,0
508400049,46,117875000000000.0,0
508400049,49,115875000000000.0,0
508400049,50,117875000000000.0,0
508400049,52,400000000000000.0,0
508400049,53,400000000000000.0,0
508400049,54,650000000000000.0,0
508400049,56,680000000000000.0,1
508400049,57,680000000000000.0,0
508400049,59,680000000000000.0,0
508400049,60,680000000000000.0,0
508400049,62,680000000000000.0,0
508400049,63,680000000000000.0,0
508400049,65,680000000000000.0,0
508400049,66,680000000000000.0,0
508400049,67,680000000000000.0,0
508400049,68,680000000000000.0,0
508400049,69,680000000000000.0,0
508400049,70,680000000000000.0,0
508400049,71,680000000000000.0,0
508400049,72,680000000000000.0,0
508400049,73,680000000000000.0,0
508400049,74,680000000000000.0,0
508400049,75,680000000000000.0,0
508400049,76,680000000000000.0,0
508400049,77,680000000000000.0,0
508400049,78,50000000000000.0,0
508400049,79,59999996185302.734,3
508400049,81,59999996185302.734,1
508400049,82,59999996185302.734,2
508400049,83,59999996185302.734,4
508400049,84,100000000000000.0,16
508400049,85,100000000000000.0,15
508400049,86,100000000000000.0,15
508400049,87,100000000000000.0,14
508400049,90,140000000000000.0,22
508400049,91,140000000000000.0,21
508400049,92,257625000000000.0,0
508400049,93,257625000000000.0,0
508400049,94,257625000000000.0,0
508400049,97,50000000000000.0,0
508378649,5,800000000000000.0,0
508378649,6,800000000000000.0,0
508378649,7,800000000000000.0,0
508378649,8,100000000000000.0,0
508378649,9,200000000000000.0,0
508378649,10,300000000000000.0,0
508378649,11,400000000000000.0,0
508378649,12,499999969482421.9,0
508378649,13,600000000000000.0,0
508378649,15,800000000000000.0,0
508378649,16,900000000000000.0,0
508378649,17,999999938964843.8,0
508378649,18,1100000000000000.0,0
508378649,19,1200000000000000.0,0
508378649,20,1300000000000000.0,1
508378649,21,1250000000000000.0,0
508378649,22,1270000000000000.0,0
508378649,23,1290000000000000.0,0
508378649,24,1310000000000000.0,0
508378649,25,1330000000000000.0,1
508378649,26,1320000000000000.0,0
508378649,27,1330000000000000.0,0
508378649,28,1340000000000000.0,0
508378649,29,1350000000000000.0,0
508378649,30,1360000000000000.0,0
508378649,31,1370000000000000.0,1
508378649,32,1370000000000000.0,0
508378649,33,1370000000000000.0,0
508378649,34,1370000000000000.0,0
508378649,35,1370000000000000.0,0
508378649,36,1380000000000000.0,0
508378649,37,1390000000000000.0,0
508378649,38,1410000000000000.0,1
508378649,39,1410000000000000.0,0
508378649,40,1410000000000000.0,0
508378649,41,1410000000000000.0,0
508378649,42,1410000000000000.0,0
508378649,43,1430000000000000.0,0
508378649,44,1450000000000000.0,0
508378649,45,1500000000000000.0,0
508378649,46,1550000000000000.0,1
508378649,47,1550000000000000.0,1
508378649,48,1550000000000000.0,1
508378649,49,1550000000000000.0,1
508378649,50,1550000000000000.0,1
508378649,51,160000000000000.0,0
508378649,52,140000000000000.0,0
508378649,53,120000000000000.0,0
508378649,54,100000000000000.0,0
508378649,55,80000000000000.0,0
508378649,56,60000000000000.0,0
508378649,57,50000000000000.0,0
508378649,58,50000000000000.0,0
508378649,59,50000000000000.0,0
508378649,60,70000000000000.0,0
508378649,61,90000000000000.0,1
508378649,62,110000000000000.0,4
508378649,63,130000000000000.0,7
508378649,64,150000000000000.0,10
508378649,65,170000000000000.0,12
508378649,66,190000000000000.0,13
508378649,67,210000000000000.0,14
508378649,68,230000000000000.0,16
508378649,69,80000000000000.0,0
508378649,70,90000000000000.0,0
508378649,71,100000000000000.0,1
508378649,72,100000000000000.0,1
508378649,73,100000000000000.0,1
508378649,74,100000000000000.0,1
508378649,75,231750000000000.0,0
508378649,78,235750000000000.0,0
508378649,79,231750000000000.0,0
508378649,82,235750000000000.0,0
508378649,84,400000000000000.0,0
508378649,86,100000000000000.0,0
508378649,87,110000000000000.0,0
508378649,88,119999992370605.47,0
508378649,89,130000000000000.0,1
508378649,90,130000000000000.0,0
508378649,91,130000000000000.0,0
508378649,92,130000000000000.0,0
508378649,93,170000000000000.0,6
508378649,94,170000000000000.0,6
508378649,95,170000000000000.0,5
508378649,96,170000000000000.0,5
508378649,98,210000000000000.0,10
508378649,99,210000000000000.0,10
508378649,100,210000000000000.0,9
508378649,102,558250000000000.0,0
508378649,105,1570000000000000.0,0
508378649,106,1590000000000000.0,0
508378649,107,1590000000000000.0,0
508378649,108,1590000000000000.0,0
508378649,109,1590000000000000.0,0
508378649,110,1590000000000000.0,0
508378649,111,1590000000000000.0,0
508378649,112,1590000000000000.0,0
508378649,113,1590000000000000.0,0
508378649,116,1590000000000000.0,0
508378649,117,1590000000000000.0,0
508378649,118,1590000000000000.0,0
508378649,119,1590000000000000.0,0
508378649,120,1590000000000000.0,0
508378649,121,1590000000000000.0,0
508378649,122,1590000000000000.0,0
508378649,123,1590000000000000.0,0
508378649,124,1590000000000000.0,0
508378649,125,1590000000000000.0,0
508378649,126,1590000000000000.0,0
508378649,129,50000000000000.0,0
508427757,4,800000000000000.0,0
508427757,5,800000000000000.0,0
508427757,6,800000000000000.0,0
508427757,7,100000000000000.0,0
508427757,8,200000000000000.0,0
508427757,9,300000000000000.0,0
508427757,10,400000000000000.0,0
508427757,11,499999969482421.9,0
508427757,12,600000000000000.0,0
508427757,13,700000000000000.0,0
508427757,14,800000000000000.0,0
508427757,15,900000000000000.0,0
508427757,16,999999938964843.8,0
508427757,17,1100000000000000.0,0
508427757,18,1200000000000000.0,0
508427757,19,1300000000000000.0,0
508427757,20,1400000000000000.0,0
508427757,21,1500000000000000.0,0
508427757,22,1600000000000000.0,0
508427757,23,1700000000000000.0,0
508427757,24,1800000000000000.0,0
508427757,25,1899999877929687.5,0
508427757,26,1999999877929687.5,0
508427757,27,2050000000000000.0,0
508427757,28,2100000000000000.0,0
508427757,29,2200000000000000.0,0
508427757,30,2300000000000000.0,1
508427757,31,2250000000000000.0,0
508427757,32,2270000000000000.0,0
508427757,33,2290000000000000.0,0
508427757,34,2300000000000000.0,0
508427757,35,2330000000000000.0,1
508427757,36,2310000000000000.0,0
508427757,37,2320000000000000.0,0
508427757,38,2330000000000000.0,0
508427757,39,2340000000000000.0,0
508427757,40,2350000000000000.0,1
508427757,41,2350000000000000.0,0
508427757,42,2360000000000000.0,0
508427757,43,2370000000000000.0,0
508427757,44,2390000000000000.0,0
508427757,45,2400000000000000.0,0
508427757,46,2430000000000000.0,1
508427757,47,2430000000000000.0,1
508427757,48,2430000000000000.0,0
508427757,49,2430000000000000.0,0
508427757,50,2450000000000000.0,0
508427757,51,2500000000000000.0,1
508427757,52,2500000000000000.0,1
508427757,53,2500000000000000.0,1
508427757,54,2500000000000000.0,1
508427757,55,2500000000000000.0,1
508427757,56,160000000000000.0,0
508427757,57,140000000000000.0,0
508427757,58,120000000000000.0,0
508427757,59,100000000000000.0,0
508427757,60,80000000000000.0,0
508427757,61,60000000000000.0,0
508427757,62,50000000000000.0,0
508427757,63,50000000000000.0,0
508427757,64,50000000000000.0,0
508427757,65,70000000000000.0,0
508427757,66,90000000000000.0,0
508427757,67,110000000000000.0,0
508427757,68,130000000000000.0,0
508427757,69,150000000000000.0,0
508427757,70,170000000000000.0,0
508427757,71,190000000000000.0,0
508427757,72,210000000000000.0,0
508427757,73,230000000000000.0,0
508427757,74,249999984741210.94,0
508427757,75,270000000000000.0,0
508427757,76,290000000000000.0,1
508427757,77,310000000000000.0,1
508427757,78,330000000000000.0,1
508427757,79,350000000000000.0,1
508427757,80,370000000000000.0,1
508427757,81,390000000000000.0,1
508427757,82,410000000000000.0,1
508427757,83,430000000000000.0,1
508427757,84,280000000000000.0,0
508427757,85,290000000000000.0,0
508427757,86,300000000000000.0,1
508427757,87,300000000000000.0,1
508427757,88,300000000000000.0,1
508427757,89,695375000000000.0,0
508427757,90,707250000000000.0,0
508427757,92,707250000000000.0,0
508427757,93,695375000000000.0,0
508427757,94,707250000000000.0,0
508427757,95,695375000000000.0,0
508427757,96,707250000000000.0,0
508427757,110,50000000000000.0,0
571485304,7,800000000000000.0,0
571485304,8,800000000000000.0,0
571485304,9,800000000000000.0,0
571485304,13,300000000000000.0,0
571485304,14,600000000000000.0,0
571485304,15,900000000000000.0,0
571485304,16,1200000000000000.0,0
571485304,17,1500000000000000.0,1
571485304,18,1500000000000000.0,1
571485304,19,1400000000000000.0,0
571485304,20,1450000000000000.0,0
571485304,21,1470000000000000.0,1
571485304,22,1460000000000000.0,0
571485304,23,1470000000000000.0,0
571485304,24,1480000000000000.0,1
571485304,25,1480000000000000.0,0
571485304,26,1490000000000000.0,1
571485304,27,1490000000000000.0,0
571485304,28,1500000000000000.0,0
571485304,29,1510000000000000.0,1
571485304,30,1510000000000000.0,1
571485304,31,1510000000000000.0,1
571485304,32,1510000000000000.0,0
571485304,33,1510000000000000.0,0
571485304,34,1510000000000000.0,0
571485304,35,1530000000000000.0,1
571485304,36,1530000000000000.0,1
571485304,37,1530000000000000.0,0
571485304,38,1530000000000000.0,1
571485304,39,1530000000000000.0,0
571485304,40,270000000000000.0,0
571485304,41,230000000000000.0,0
571485304,42,190000000000000.0,0
571485304,43,150000000000000.0,0
571485304,44,110000000000000.0,0
571485304,45,70000000000000.0,0
571485304,46,50000000000000.0,0
571485304,47,59999996185302.734,0
571485304,48,100000000000000.0,0
571485304,49,140000000000000.0,1
571485304,50,180000000000000.0,4
571485304,51,220000000000000.0,7
571485304,52,260000000000000.0,9
571485304,53,300000000000000.0,11
571485304,54,340000000000000.0,12
571485304,55,380000000000000.0,14
571485304,57,160000000000000.0,2
571485304,58,150000000000000.0,1
571485304,59,140000000000000.0,1
571485304,60,130000000000000.0,0
571485304,61,140000000000000.0,1
571485304,62,140000000000000.0,1
571485304,63,140000000000000.0,1
571485304,64,140000000000000.0,1
571485304,65,160000000000000.0,2
571485304,66,160000000000000.0,2
571485304,67,160000000000000.0,2
571485304,68,180000000000000.0,4
571485304,69,180000000000000.0,4
571485304,70,180000000000000.0,3
571485304,71,180000000000000.0,3
571485304,72,220000000000000.0,6
571485304,73,220000000000000.0,6
571485304,74,324500000000000.0,0
571485304,75,330125000000000.0,0
571485304,77,330125000000000.0,0
571485304,79,400000000000000.0,0
571485304,80,400000000000000.0,0
571485304,81,400000000000000.0,0
571485304,82,400000000000000.0,0
571485304,83,400000000000000.0,0
571485304,84,400000000000000.0,0
571485304,85,400000000000000.0,0
571485304,86,400000000000000.0,0
571485304,87,400000000000000.0,0
571485304,88,400000000000000.0,0
571485304,92,50000000000000.0,0
571485304,93,50000000000000.0,0
528019077,4,800000000000000.0,0
528019077,5,800000000000000.0,0
528019077,6,800000000000000.0,0
528019077,7,100000000000000.0,0
528019077,8,200000000000000.0,0
528019077,9,300000000000000.0,0
528019077,10,400000000000000.0,0
528019077,11,499999969482421.9,0
528019077,12,600000000000000.0,0
528019077,13,700000000000000.0,0
528019077,14,800000000000000.0,0
528019077,15,900000000000000.0,0
528019077,16,999999938964843.8,0
528019077,17,1100000000000000.0,0
528019077,18,1200000000000000.0,0
528019077,19,1300000000000000.0,0
528019077,20,1400000000000000.0,0
528019077,21,1500000000000000.0,0
528019077,22,1600000000000000.0,0
528019077,23,1700000000000000.0,0
528019077,24,1800000000000000.0,0
528019077,25,1899999877929687.5,0
528019077,26,1999999877929687.5,0
528019077,27,2100000000000000.0,0
528019077,28,2200000000000000.0,0
528019077,29,2300000000000000.0,0
528019077,30,2400000000000000.0,1
528019077,31,2350000000000000.0,0
528019077,32,2370000000000000.0,1
528019077,33,2360000000000000.0,1
528019077,34,2360000000000000.0,0
528019077,35,2360000000000000.0,0
528019077,36,2370000000000000.0,0
528019077,37,2370000000000000.0,0
528019077,38,2380000000000000.0,0
528019077,39,2390000000000000.0,0
528019077,40,2400000000000000.0,0
528019077,41,2450000000000000.0,0
528019077,42,2490000000000000.0,0
528019077,43,2500000000000000.0,0
528019077,44,2600000000000000.0,1
528019077,45,1550000000000000.0,0
528019077,46,2550000000000000.0,1
528019077,47,2530000000000000.0,1
528019077,48,2510000000000000.0,1
528019077,49,2510000000000000.0,1
528019077,50,2510000000000000.0,1
528019077,51,2510000000000000.0,0
528019077,52,2520000000000000.0,1
528019077,53,2520000000000000.0,1
528019077,54,2520000000000000.0,0
528019077,55,2530000000000000.0,0
528019077,56,2540000000000000.0,1
528019077,57,2540000000000000.0,0
528019077,58,2550000000000000.0,0
528019077,59,2560000000000000.0,0
528019077,60,2570000000000000.0,0
528019077,61,2580000000000000.0,0
528019077,62,2590000000000000.0,0
528019077,63,2600000000000000.0,0
528019077,64,2700000000000000.0,1
528019077,65,2650000000000000.0,2
528019077,66,2610000000000000.0,0
528019077,67,2630000000000000.0,0
528019077,68,2640000000000000.0,0
528019077,69,2650000000000000.0,0
528019077,70,2670000000000000.0,1
528019077,71,2660000000000000.0,0
528019077,72,1660000000000000.0,0
528019077,73,2670000000000000.0,0
528019077,74,2680000000000000.0,1
528019077,75,2680000000000000.0,0
528019077,76,2680000000000000.0,1
528019077,77,2690000000000000.0,0
528019077,78,2690000000000000.0,0
528019077,79,2700000000000000.0,0
528019077,80,2710000000000000.0,0
528019077,81,2720000000000000.0,2
528019077,82,2720000000000000.0,0
528019077,83,2730000000000000.0,1
528019077,84,2730000000000000.0,0
528019077,85,2740000000000000.0,1
528019077,86,2740000000000000.0,0
528019077,87,2750000000000000.0,0
528019077,88,2760000000000000.0,1
528019077,89,2760000000000000.0,0
528019077,90,2770000000000000.0,1
528019077,91,2770000000000000.0,2
528019077,92,2770000000000000.0,1
528019077,93,2770000000000000.0,1
528019077,94,2770000000000000.0,0
528019077,95,160000000000000.0,0
528019077,96,140000000000000.0,0
528019077,97,120000000000000.0,0
528019077,98,100000000000000.0,0
528019077,99,80000000000000.0,0
528019077,100,60000000000000.0,0
528019077,101,50000000000000.0,0
528019077,102,50000000000000.0,0
528019077,103,50000000000000.0,0
528019077,104,70000000000000.0,0
528019077,105,90000000000000.0,0
528019077,106,110000000000000.0,0
528019077,107,130000000000000.0,0
528019077,108,150000000000000.0,0
528019077,109,170000000000000.0,0
528019077,110,190000000000000.0,0
528019077,111,210000000000000.0,0
528019077,112,230000000000000.0,0
528019077,113,249999984741210.94,0
528019077,114,270000000000000.0,0
528019077,115,290000000000000.0,0
528019077,116,310000000000000.0,0
528019077,117,330000000000000.0,1
528019077,118,350000000000000.0,1
528019077,119,370000000000000.0,1
528019077,120,390000000000000.0,2
528019077,121,410000000000000.0,3
528019077,122,430000000000000.0,4
528019077,123,450000000000000.0,5
528019077,124,469999969482421.9,6
528019077,125,489999969482421.9,7
528019077,126,300000000000000.0,0
528019077,127,310000000000000.0,0
528019077,128,350000000000000.0,0
528019077,129,370000000000000.0,1
528019077,130,360000000000000.0,0
528019077,131,370000000000000.0,1
528019077,132,370000000000000.0,1
528019077,133,370000000000000.0,1
528019077,134,370000000000000.0,1
528019077,135,857624938964843.8,0
528019077,136,872375000000000.0,0
528019077,137,857624938964843.8,0
528019077,138,872375000000000.0,0
528019077,139,857624938964843.8,0
528019077,140,872375000000000.0,0
528019077,141,857624938964843.8,0
528019077,142,872375000000000.0,0
528019077,144,400000000000000.0,0
528019077,145,400000000000000.0,0
528019077,148,50000000000000.0,0
545192313,5,800000000000000.0,0
545192313,6,800000000000000.0,0
545192313,7,800000000000000.0,0
545192313,8,100000000000000.0,0
545192313,9,200000000000000.0,0
545192313,11,249999984741210.94,0
545192313,12,270000000000000.0,1
545192313,13,260000000000000.0,1
545192313,14,260000000000000.0,1
545192313,15,260000000000000.0,1
545192313,16,260000000000000.0,1
545192313,17,260000000000000.0,1
545192313,18,160000000000000.0,0
545192313,19,140000000000000.0,0
545192313,20,120000000000000.0,0
545192313,21,100000000000000.0,0
545192313,22,80000000000000.0,0
545192313,23,60000000000000.0,0
545192313,24,50000000000000.0,0
545192313,25,50000000000000.0,0
545192313,26,50000000000000.0,23
545192313,27,70000000000000.0,37
545192313,28,90000000000000.0,53
545192313,29,110000000000000.0,66
545192313,30,130000000000000.0,78
545192313,31,150000000000000.0,92
545192313,32,170000000000000.0,102
545192313,33,190000000000000.0,112
545192313,34,50000000000000.0,2
545192313,35,50000000000000.0,0
545192313,36,50000000000000.0,17
545192313,37,50000000000000.0,14
545192313,38,50000000000000.0,0
545192313,39,50000000000000.0,13
545192313,40,115875000000000.0,0
545192313,41,117875000000000.0,0
545192313,43,117875000000000.0,0
545192313,44,115875000000000.0,0
545192313,45,117875000000000.0,0
545192313,46,115875000000000.0,0
545192313,47,117875000000000.0,0
545192313,51,400000000000000.0,0
545192313,55,50000000000000.0,0
488707479,4,800000000000000.0,0
488707479,5,800000000000000.0,0
488707479,6,800000000000000.0,0
488707479,7,100000000000000.0,0
488707479,8,200000000000000.0,0
488707479,9,300000000000000.0,0
488707479,10,400000000000000.0,0
488707479,11,499999969482421.9,0
488707479,12,600000000000000.0,0
488707479,13,700000000000000.0,0
488707479,14,800000000000000.0,0
488707479,15,900000000000000.0,0
488707479,16,999999938964843.8,0
488707479,17,1100000000000000.0,0
488707479,18,1200000000000000.0,0
488707479,19,1300000000000000.0,0
488707479,20,1400000000000000.0,0
488707479,21,1500000000000000.0,0
488707479,22,1600000000000000.0,0
488707479,23,1700000000000000.0,0
488707479,24,1800000000000000.0,0
488707479,25,1899999877929687.5,0
488707479,26,1999999877929687.5,0
488707479,27,2100000000000000.0,0
488707479,28,2200000000000000.0,0
488707479,29,2300000000000000.0,1
488707479,30,2250000000000000.0,1
488707479,31,2230000000000000.0,0
488707479,33,2240000000000000.0,1
488707479,49,160000000000000.0,0
488707479,50,140000000000000.0,0
488707479,52,100000000000000.0,0
488707479,53,80000000000000.0,0
488707479,55,50000000000000.0,0
488707479,56,50000000000000.0,0
488707479,57,50000000000000.0,0
488707479,58,70000000000000.0,0
488707479,59,90000000000000.0,0
488707479,60,110000000000000.0,0
488707479,61,130000000000000.0,0
488707479,62,150000000000000.0,0
488707479,63,170000000000000.0,0
488707479,64,190000000000000.0,0
488707479,65,210000000000000.0,0
488707479,66,230000000000000.0,0
488707479,67,249999984741210.94,0
488707479,68,270000000000000.0,0
488707479,69,290000000000000.0,0
488707479,70,310000000000000.0,0
488707479,71,330000000000000.0,0
488707479,72,350000000000000.0,0
488707479,73,370000000000000.0,1
488707479,74,390000000000000.0,1
488707479,75,410000000000000.0,1
488707479,76,430000000000000.0,1
488707479,77,450000000000000.0,2
488707479,78,469999969482421.9,2
488707479,79,489999969482421.9,3
488707479,80,509999969482421.9,3
488707479,132,50000000000000.0,0
508417989,6,800000000000000.0,0
508417989,8,100000000000000.0,0
508417989,9,200000000000000.0,0
508417989,12,499999969482421.9,0
508417989,14,700000000000000.0,0
508417989,15,800000000000000.0,1
508417989,19,770000000000000.0,1
508417989,20,770000000000000.0,0
508417989,21,770000000000000.0,1
508417989,22,770000000000000.0,1
508417989,23,770000000000000.0,0
508417989,24,160000000000000.0,0
508417989,27,100000000000000.0,0
508417989,28,80000000000000.0,0
508417989,29,60000000000000.0,0
508417989,34,90000000000000.0,5
508417989,35,110000000000000.0,8
508417989,36,130000000000000.0,8
508417989,37,150000000000000.0,9
508417989,38,170000000000000.0,11
508417989,40,50000000000000.0,0
508417989,41,50000000000000.0,0
508417989,43,70000000000000.0,1
508417989,44,70000000000000.0,1
508417989,45,70000000000000.0,1
508417989,46,70000000000000.0,1
508417989,47,162250000000000.0,0
508417989,48,165000000000000.0,0
508417989,49,162250000000000.0,0
508417989,50,165000000000000.0,0
508417989,58,50000000000000.0,0
527909293,4,800000000000000.0,0
527909293,5,800000000000000.0,0
527909293,6,800000000000000.0,0
527909293,7,100000000000000.0,0
527909293,8,200000000000000.0,0
527909293,9,300000000000000.0,0
527909293,10,400000000000000.0,0
527909293,11,499999969482421.9,0
527909293,12,600000000000000.0,0
527909293,13,700000000000000.0,1
527909293,14,700000000000000.0,1
527909293,15,700000000000000.0,1
527909293,16,700000000000000.0,1
527909293,17,700000000000000.0,1
527909293,18,700000000000000.0,1
527909293,19,160000000000000.0,0
527909293,20,140000000000000.0,0
527909293,21,120000000000000.0,0
527909293,22,100000000000000.0,0
527909293,23,80000000000000.0,0
527909293,24,60000000000000.0,0
527909293,27,50000000000000.0,0
527909293,28,70000000000000.0,8
527909293,31,130000000000000.0,24
527909293,32,150000000000000.0,29
527909293,34,190000000000000.0,38
527909293,35,210000000000000.0,43
527909293,37,80000000000000.0,5
527909293,38,80000000000000.0,6
527909293,41,188625000000000.0,0
527909293,50,50000000000000.0,0
571483584,4,800000000000000.0,0
571483584,5,800000000000000.0,0
571483584,6,800000000000000.0,0
571483584,7,100000000000000.0,0
571483584,8,200000000000000.0,0
571483584,9,300000000000000.0,1
571483584,10,249999984741210.94,0
571483584,11,270000000000000.0,0
571483584,12,300000000000000.0,1
571483584,13,300000000000000.0,1
571483584,14,300000000000000.0,1
571483584,15,300000000000000.0,1
571483584,16,300000000000000.0,1
571483584,17,300000000000000.0,1
571483584,19,140000000000000.0,0
571483584,21,100000000000000.0,0
571483584,22,80000000000000.0,0
571483584,25,50000000000000.0,0
571483584,27,70000000000000.0,0
571483584,29,110000000000000.0,28
571483584,30,130000000000000.0,39
571483584,31,150000000000000.0,47
571483584,33,190000000000000.0,63
571483584,34,210000000000000.0,69
571483584,35,230000000000000.0,75
571483584,36,80000000000000.0,0
571483584,37,90000000000000.0,15
571483584,38,90000000000000.0,15
571483584,39,90000000000000.0,15
571483584,40,90000000000000.0,15
571483584,41,130000000000000.0,40
571483584,42,130000000000000.0,38
571483584,43,130000000000000.0,40
571483584,44,130000000000000.0,39
571483584,45,208624984741210.94,0
571483584,46,212250000000000.0,0
571483584,50,400000000000000.0,0
571483584,51,400000000000000.0,0
571483584,54,400000000000000.0,0
571483584,56,400000000000000.0,0
571483584,63,50000000000000.0,0
526732858,3,800000000000000.0,0
526732858,4,800000000000000.0,0
526732858,5,800000000000000.0,0
526732858,6,100000000000000.0,0
526732858,7,200000000000000.0,0
526732858,8,300000000000000.0,0
526732858,9,400000000000000.0,0
526732858,10,499999969482421.9,0
526732858,11,600000000000000.0,0
526732858,12,700000000000000.0,0
526732858,13,800000000000000.0,0
526732858,14,900000000000000.0,0
526732858,15,999999938964843.8,0
526732858,16,1100000000000000.0,0
526732858,17,1200000000000000.0,0
526732858,18,1300000000000000.0,0
526732858,19,1400000000000000.0,1
526732858,20,1500000000000000.0,1
526732858,21,1600000000000000.0,1
526732858,22,1250000000000000.0,0
526732858,23,1300000000000000.0,0
526732858,24,1350000000000000.0,0
526732858,25,1400000000000000.0,0
526732858,26,1450000000000000.0,1
526732858,27,1450000000000000.0,1
526732858,28,1450000000000000.0,1
526732858,29,1450000000000000.0,0
526732858,30,1450000000000000.0,0
526732858,31,160000000000000.0,0
526732858,32,140000000000000.0,0
526732858,33,120000000000000.0,0
526732858,34,100000000000000.0,0
526732858,35,80000000000000.0,0
526732858,37,50000000000000.0,0
526732858,38,50000000000000.0,0
526732858,39,50000000000000.0,0
526732858,40,70000000000000.0,0
526732858,41,90000000000000.0,0
526732858,42,110000000000000.0,0
526732858,43,130000000000000.0,0
526732858,44,150000000000000.0,0
526732858,45,170000000000000.0,0
526732858,46,190000000000000.0,1
526732858,47,210000000000000.0,2
526732858,48,230000000000000.0,3
526732858,49,249999984741210.94,5
526732858,50,270000000000000.0,6
526732858,51,290000000000000.0,6
526732858,53,330000000000000.0,9
526732858,54,200000000000000.0,1
526732858,55,200000000000000.0,1
526732858,56,200000000000000.0,1
526732858,57,200000000000000.0,1
526732858,60,463625000000000.0,0
526732858,62,463625000000000.0,0
526732858,65,471500000000000.0,0
526732858,67,400000000000000.0,0
526732858,68,400000000000000.0,0
526732858,69,200000000000000.0,3
526732858,70,200000000000000.0,3
526732858,71,200000000000000.0,2
526732858,72,200000000000000.0,2
526732858,74,239999984741210.94,4
526732858,75,239999984741210.94,3
526732858,76,239999984741210.94,3
526732858,78,280000000000000.0,6
526732858,79,280000000000000.0,6
526732858,80,280000000000000.0,6
526732858,83,50000000000000.0,0
539560727,4,800000000000000.0,0
539560727,5,800000000000000.0,0
539560727,6,800000000000000.0,0
539560727,7,100000000000000.0,0
539560727,8,200000000000000.0,0
539560727,9,300000000000000.0,0
539560727,10,400000000000000.0,0
539560727,11,499999969482421.9,0
539560727,12,600000000000000.0,0
539560727,13,700000000000000.0,0
539560727,14,800000000000000.0,0
539560727,15,900000000000000.0,0
539560727,16,999999938964843.8,0
539560727,17,1100000000000000.0,0
539560727,18,1200000000000000.0,0
539560727,19,1300000000000000.0,0
539560727,20,1400000000000000.0,0
539560727,21,1500000000000000.0,0
539560727,22,1600000000000000.0,0
539560727,23,1700000000000000.0,0
539560727,24,1800000000000000.0,0
539560727,25,1899999877929687.5,0
539560727,26,1999999877929687.5,0
539560727,27,1999999877929687.5,0
539560727,28,2100000000000000.0,0
539560727,29,2200000000000000.0,1
539560727,30,2150000000000000.0,0
539560727,31,2170000000000000.0,0
539560727,32,2190000000000000.0,0
539560727,33,2200000000000000.0,0
539560727,34,2210000000000000.0,1
539560727,35,2210000000000000.0,1
539560727,36,2210000000000000.0,1
539560727,37,2210000000000000.0,1
539560727,38,2210000000000000.0,1
539560727,39,160000000000000.0,0
539560727,40,140000000000000.0,0
539560727,41,120000000000000.0,0
539560727,42,100000000000000.0,0
539560727,43,80000000000000.0,0
539560727,45,50000000000000.0,0
539560727,46,50000000000000.0,0
539560727,47,50000000000000.0,0
539560727,48,70000000000000.0,0
539560727,49,90000000000000.0,0
539560727,50,110000000000000.0,0
539560727,51,130000000000000.0,0
539560727,52,150000000000000.0,0
539560727,53,170000000000000.0,0
539560727,54,190000000000000.0,0
539560727,55,210000000000000.0,0
539560727,56,230000000000000.0,0
539560727,57,249999984741210.94,0
539560727,58,270000000000000.0,0
539560727,59,290000000000000.0,0
539560727,60,310000000000000.0,0
539560727,61,330000000000000.0,0
539560727,62,350000000000000.0,0
539560727,63,370000000000000.0,0
539560727,64,390000000000000.0,0
539560727,65,410000000000000.0,0
539560727,66,430000000000000.0,0
539560727,67,450000000000000.0,0
539560727,68,469999969482421.9,2
539560727,69,489999969482421.9,2
539560727,70,509999969482421.9,3
539560727,71,530000000000000.0,6
539560727,72,550000000000000.0,6
539560727,73,570000000000000.0,7
539560727,74,590000000000000.0,9
539560727,96,50000000000000.0,0
531523709,4,800000000000000.0,0
531523709,5,800000000000000.0,0
531523709,6,800000000000000.0,0
531523709,7,100000000000000.0,0
531523709,8,200000000000000.0,0
531523709,9,300000000000000.0,0
531523709,10,400000000000000.0,0
531523709,11,499999969482421.9,0
531523709,12,600000000000000.0,0
531523709,13,700000000000000.0,0
531523709,14,800000000000000.0,0
531523709,15,900000000000000.0,0
531523709,16,999999938964843.8,0
531523709,17,1100000000000000.0,0
531523709,18,1200000000000000.0,0
531523709,19,1300000000000000.0,0
531523709,20,1400000000000000.0,2
531523709,21,1500000000000000.0,2
531523709,22,1500000000000000.0,2
531523709,23,1500000000000000.0,2
531523709,24,1500000000000000.0,2
531523709,25,1500000000000000.0,2
531523709,26,160000000000000.0,0
531523709,27,140000000000000.0,0
531523709,28,120000000000000.0,0
531523709,29,100000000000000.0,0
531523709,30,80000000000000.0,0
531523709,31,60000000000000.0,0
531523709,32,50000000000000.0,0
531523709,33,50000000000000.0,0
531523709,34,50000000000000.0,0
531523709,35,70000000000000.0,0
531523709,36,90000000000000.0,0
531523709,37,110000000000000.0,0
531523709,38,130000000000000.0,2
531523709,39,150000000000000.0,2
531523709,40,170000000000000.0,2
531523709,41,190000000000000.0,3
531523709,42,210000000000000.0,6
531523709,43,230000000000000.0,8
531523709,44,249999984741210.94,8
531523709,45,270000000000000.0,10
531523709,46,119999992370605.47,1
531523709,47,119999992370605.47,2
531523709,48,119999992370605.47,1
531523709,49,119999992370605.47,2
531523709,50,278125000000000.0,0
531523709,51,282875000000000.0,0
531523709,52,278125000000000.0,0
531523709,53,282875000000000.0,0
531523709,59,400000000000000.0,0
531523709,60,400000000000000.0,0
531523709,61,300000000000000.0,2
531523709,62,300000000000000.0,1
531523709,63,300000000000000.0,1
531523709,64,300000000000000.0,2
531523709,66,340000000000000.0,2
531523709,67,340000000000000.0,2
531523709,68,340000000000000.0,2
531523709,69,380000000000000.0,3
531523709,71,380000000000000.0,3
531523709,72,380000000000000.0,3
531523709,74,1700000000000000.0,0
531523709,75,1700000000000000.0,0
531523709,76,1700000000000000.0,0
531523709,77,1700000000000000.0,0
531523709,78,1700000000000000.0,0
531523709,79,1700000000000000.0,0
531523709,80,1700000000000000.0,0
531523709,81,1700000000000000.0,0
531523709,82,1700000000000000.0,0
531523709,83,1700000000000000.0,0
531523709,84,1700000000000000.0,0
531523709,85,1700000000000000.0,0
531523709,86,1700000000000000.0,0
531523709,87,1700000000000000.0,0
531523709,88,1700000000000000.0,0
531523709,89,1700000000000000.0,0
531523709,90,1700000000000000.0,0
531523709,91,1700000000000000.0,0
531523709,92,1700000000000000.0,0
531523709,93,1700000000000000.0,0
531523709,94,1700000000000000.0,0
531523709,97,50000000000000.0,0
545188312,4,800000000000000.0,0
545188312,5,800000000000000.0,0
545188312,6,800000000000000.0,0
545188312,7,100000000000000.0,0
545188312,8,200000000000000.0,0
545188312,9,300000000000000.0,0
545188312,10,400000000000000.0,0
545188312,11,499999969482421.9,0
545188312,12,600000000000000.0,0
545188312,13,700000000000000.0,0
545188312,14,800000000000000.0,0
545188312,15,900000000000000.0,0
545188312,16,999999938964843.8,0
545188312,17,1100000000000000.0,0
545188312,18,1200000000000000.0,2
545188312,19,1150000000000000.0,0
545188312,20,1170000000000000.0,2
545188312,21,1160000000000000.0,2
545188312,22,1160000000000000.0,0
545188312,23,1170000000000000.0,2
545188312,24,1170000000000000.0,2
545188312,25,1170000000000000.0,2
545188312,26,1170000000000000.0,2
545188312,27,1170000000000000.0,2
545188312,28,160000000000000.0,0
545188312,29,140000000000000.0,0
545188312,30,120000000000000.0,0
545188312,31,100000000000000.0,0
545188312,32,80000000000000.0,0
545188312,33,60000000000000.0,0
545188312,34,50000000000000.0,0
545188312,35,50000000000000.0,0
545188312,36,50000000000000.0,0
545188312,37,70000000000000.0,0
545188312,38,90000000000000.0,0
545188312,39,110000000000000.0,2
545188312,40,130000000000000.0,5
545188312,41,150000000000000.0,8
545188312,42,170000000000000.0,11
545188312,43,190000000000000.0,13
545188312,44,210000000000000.0,15
545188312,45,230000000000000.0,18
545188312,46,249999984741210.94,20
545188312,47,100000000000000.0,2
545188312,48,100000000000000.0,2
545188312,49,100000000000000.0,2
545188312,50,100000000000000.0,2
545188312,51,231750000000000.0,0
545188312,52,235750000000000.0,0
545188312,53,231750000000000.0,0
545188312,54,235750000000000.0,0
545188312,55,231750000000000.0,0
545188312,56,235750000000000.0,0
545188312,57,231750000000000.0,0
545188312,58,235750000000000.0,0
545188312,60,400000000000000.0,0
545188312,61,400000000000000.0,0
545188312,62,100000000000000.0,2
545188312,63,100000000000000.0,2
545188312,64,100000000000000.0,2
545188312,65,100000000000000.0,2
545188312,66,100000000000000.0,2
545188312,67,140000000000000.0,8
545188312,68,140000000000000.0,8
545188312,69,140000000000000.0,8
545188312,70,140000000000000.0,8
545188312,71,180000000000000.0,13
545188312,72,180000000000000.0,13
545188312,74,180000000000000.0,13
545188312,75,1170000000000000.0,0
545188312,76,1190000000000000.0,0
545188312,77,1210000000000000.0,0
545188312,81,1270000000000000.0,0
545188312,82,1300000000000000.0,0
545188312,86,1300000000000000.0,0
545188312,87,1300000000000000.0,0
545188312,88,1300000000000000.0,0
545188312,89,1300000000000000.0,0
545188312,90,1300000000000000.0,0
545188312,91,1300000000000000.0,0
537261100,4,800000000000000.0,0
537261100,5,800000000000000.0,0
537261100,6,800000000000000.0,0
537261100,7,100000000000000.0,0
537261100,8,200000000000000.0,0
537261100,9,300000000000000.0,0
537261100,10,400000000000000.0,0
537261100,11,499999969482421.9,0
537261100,12,600000000000000.0,0
537261100,13,700000000000000.0,0
537261100,14,800000000000000.0,0
537261100,15,900000000000000.0,0
537261100,16,999999938964843.8,0
537261100,17,1100000000000000.0,0
537261100,18,1200000000000000.0,0
537261100,19,1300000000000000.0,0
537261100,20,1400000000000000.0,0
537261100,21,1500000000000000.0,0
537261100,22,1600000000000000.0,0
537261100,23,1700000000000000.0,0
537261100,24,1800000000000000.0,0
537261100,25,1899999877929687.5,1
537261100,26,1850000000000000.0,0
537261100,27,1869999877929687.5,0
537261100,28,1889999877929687.5,1
537261100,29,1879999877929687.5,0
537261100,30,1889999877929687.5,0
537261100,31,1899999877929687.5,0
537261100,32,1909999877929687.5,0
537261100,33,1929999877929687.5,0
537261100,34,1949999877929687.5,0
537261100,35,1979999877929687.5,0
537261100,36,1999999877929687.5,0
537261100,37,2050000000000000.0,0
537261100,38,2100000000000000.0,0
537261100,39,2200000000000000.0,1
537261100,40,2150000000000000.0,1
537261100,41,2120000000000000.0,0
537261100,42,2140000000000000.0,1
537261100,43,2140000000000000.0,1
537261100,44,2140000000000000.0,1
537261100,45,2140000000000000.0,0
537261100,46,2140000000000000.0,0
537261100,47,2140000000000000.0,0
537261100,48,2150000000000000.0,0
537261100,49,2180000000000000.0,0
537261100,50,2240000000000000.0,1
537261100,51,2210000000000000.0,1
537261100,52,2190000000000000.0,0
537261100,53,2200000000000000.0,0
537261100,54,2210000000000000.0,0
537261100,55,2240000000000000.0,1
537261100,56,2230000000000000.0,0
537261100,57,2240000000000000.0,0
537261100,58,2270000000000000.0,1
537261100,59,2270000000000000.0,1
537261100,60,2270000000000000.0,1
537261100,61,2270000000000000.0,1
537261100,62,2270000000000000.0,1
537261100,63,160000000000000.0,0
537261100,64,140000000000000.0,0
537261100,65,120000000000000.0,0
537261100,66,100000000000000.0,0
537261100,67,80000000000000.0,0
537261100,68,60000000000000.0,0
537261100,69,50000000000000.0,0
537261100,70,50000000000000.0,0
537261100,71,50000000000000.0,0
537261100,72,70000000000000.0,0
537261100,73,90000000000000.0,0
537261100,74,110000000000000.0,0
537261100,75,130000000000000.0,0
537261100,76,150000000000000.0,0
537261100,77,170000000000000.0,0
537261100,78,190000000000000.0,0
537261100,79,210000000000000.0,0
537261100,80,230000000000000.0,0
537261100,81,249999984741210.94,0
537261100,82,270000000000000.0,0
537261100,83,290000000000000.0,0
537261100,84,310000000000000.0,0
537261100,85,330000000000000.0,0
537261100,86,350000000000000.0,2
537261100,87,370000000000000.0,2
537261100,88,390000000000000.0,2
537261100,89,410000000000000.0,2
537261100,90,430000000000000.0,2
537261100,91,450000000000000.0,5
537261100,92,469999969482421.9,2
537261100,93,489999969482421.9,2
537261100,94,340000000000000.0,0
537261100,95,350000000000000.0,0
537261100,97,380000000000000.0,1
537261100,99,380000000000000.0,0
537261100,100,380000000000000.0,1
537261100,101,380000000000000.0,1
537261100,102,880749938964843.8,0
537261100,103,895875000000000.0,0
537261100,104,880749938964843.8,0
537261100,105,895875000000000.0,0
537261100,106,880749938964843.8,0
537261100,107,895875000000000.0,0
537261100,108,880749938964843.8,0
537261100,109,895875000000000.0,0
537261100,111,400000000000000.0,0
537261100,112,400000000000000.0,0
537261100,113,380000000000000.0,1
537261100,114,380000000000000.0,2
537261100,115,380000000000000.0,1
537261100,116,380000000000000.0,2
537261100,117,420000000000000.0,2
537261100,118,420000000000000.0,2
537261100,119,420000000000000.0,2
537261100,120,420000000000000.0,2
537261100,121,460000000000000.0,4
537261100,122,460000000000000.0,4
537261100,123,460000000000000.0,4
537261100,133,50000000000000.0,0
528025071,4,800000000000000.0,0
528025071,5,800000000000000.0,0
528025071,6,800000000000000.0,0
528025071,7,100000000000000.0,0
528025071,8,200000000000000.0,0
528025071,9,300000000000000.0,0
528025071,10,400000000000000.0,0
528025071,11,499999969482421.9,0
528025071,12,600000000000000.0,0
528025071,13,700000000000000.0,0
528025071,14,800000000000000.0,0
528025071,15,900000000000000.0,0
528025071,16,999999938964843.8,0
528025071,17,1100000000000000.0,1
528025071,18,1050000000000000.0,1
528025071,19,1030000000000000.0,0
528025071,20,1040000000000000.0,0
528025071,23,1050000000000000.0,1
528025071,24,1050000000000000.0,1
528025071,25,1050000000000000.0,0
528025071,26,160000000000000.0,0
528025071,27,140000000000000.0,0
528025071,28,120000000000000.0,0
528025071,30,80000000000000.0,0
528025071,33,50000000000000.0,0
528025071,34,50000000000000.0,0
528025071,35,70000000000000.0,0
528025071,36,90000000000000.0,3
528025071,37,110000000000000.0,4
528025071,39,150000000000000.0,7
528025071,40,170000000000000.0,8
528025071,42,210000000000000.0,9
528025071,43,230000000000000.0,10
528025071,52,208750000000000.0,0
528025071,62,50000000000000.0,0
529822280,4,800000000000000.0,0
529822280,5,800000000000000.0,0
529822280,6,800000000000000.0,0
529822280,7,100000000000000.0,0
529822280,8,200000000000000.0,0
529822280,9,300000000000000.0,0
529822280,10,400000000000000.0,0
529822280,11,499999969482421.9,0
529822280,12,600000000000000.0,0
529822280,13,700000000000000.0,0
529822280,14,800000000000000.0,0
529822280,15,900000000000000.0,0
529822280,16,999999938964843.8,0
529822280,17,1100000000000000.0,0
529822280,18,1200000000000000.0,0
529822280,19,1300000000000000.0,0
529822280,20,1400000000000000.0,0
529822280,21,1500000000000000.0,1
529822280,22,1450000000000000.0,0
529822280,23,1470000000000000.0,0
529822280,24,1480000000000000.0,0
529822280,25,1500000000000000.0,1
529822280,26,1490000000000000.0,0
529822280,27,1500000000000000.0,0
529822280,28,1510000000000000.0,0
529822280,29,1530000000000000.0,0
529822280,30,1550000000000000.0,0
529822280,31,1570000000000000.0,1
529822280,32,1570000000000000.0,1
529822280,33,1570000000000000.0,1
529822280,34,1570000000000000.0,0
529822280,35,1570000000000000.0,0
529822280,38,1590000000000000.0,1
529822280,40,1590000000000000.0,0
529822280,41,160000000000000.0,0
529822280,42,140000000000000.0,0
529822280,43,120000000000000.0,0
529822280,45,80000000000000.0,0
529822280,46,60000000000000.0,0
529822280,47,50000000000000.0,0
529822280,48,50000000000000.0,0
529822280,49,50000000000000.0,0
529822280,50,70000000000000.0,0
529822280,51,90000000000000.0,0
529822280,52,110000000000000.0,0
529822280,53,130000000000000.0,0
529822280,54,150000000000000.0,0
529822280,55,170000000000000.0,0
529822280,56,190000000000000.0,0
529822280,57,210000000000000.0,0
529822280,58,230000000000000.0,0
529822280,59,249999984741210.94,0
529822280,60,270000000000000.0,1
529822280,61,290000000000000.0,2
529822280,62,310000000000000.0,5
529822280,63,330000000000000.0,7
529822280,64,350000000000000.0,9
529822280,65,370000000000000.0,11
529822280,66,390000000000000.0,13
529822280,67,410000000000000.0,15
529822280,68,260000000000000.0,0
529822280,69,270000000000000.0,1
529822280,70,270000000000000.0,1
529822280,71,270000000000000.0,1
529822280,72,270000000000000.0,1
529822280,73,625875000000000.0,0
529822280,74,636625000000000.0,0
529822280,75,625875000000000.0,0
529822280,76,636625000000000.0,0
529822280,77,625875000000000.0,0
529822280,78,636625000000000.0,0
529822280,79,625875000000000.0,0
529822280,80,636625000000000.0,0
529822280,82,400000000000000.0,0
529822280,83,400000000000000.0,0
529822280,84,270000000000000.0,0
529822280,85,290000000000000.0,1
529822280,86,290000000000000.0,1
529822280,87,290000000000000.0,1
529822280,88,290000000000000.0,1
529822280,89,290000000000000.0,1
529822280,90,330000000000000.0,7
529822280,92,330000000000000.0,7
529822280,93,330000000000000.0,7
529822280,94,370000000000000.0,11
529822280,95,370000000000000.0,11
529822280,96,370000000000000.0,11
529822280,97,370000000000000.0,11
529822280,100,50000000000000.0,0
528613096,4,800000000000000.0,0
528613096,5,800000000000000.0,0
528613096,6,800000000000000.0,0
528613096,7,100000000000000.0,0
528613096,8,200000000000000.0,0
528613096,9,300000000000000.0,0
528613096,10,400000000000000.0,0
528613096,11,499999969482421.9,0
528613096,12,600000000000000.0,0
528613096,13,700000000000000.0,0
528613096,14,800000000000000.0,0
528613096,15,900000000000000.0,0
528613096,16,999999938964843.8,0
528613096,17,1100000000000000.0,0
528613096,18,1200000000000000.0,0
528613096,19,1300000000000000.0,0
528613096,20,1400000000000000.0,0
528613096,21,1500000000000000.0,0
528613096,22,1600000000000000.0,0
528613096,23,1700000000000000.0,0
528613096,24,1800000000000000.0,0
528613096,25,1899999877929687.5,0
528613096,26,1999999877929687.5,0
528613096,27,2100000000000000.0,0
528613096,28,2200000000000000.0,1
528613096,29,2150000000000000.0,1
528613096,30,2130000000000000.0,1
528613096,31,2110000000000000.0,0
528613096,32,2120000000000000.0,0
528613096,33,2130000000000000.0,0
528613096,34,2140000000000000.0,0
528613096,35,2150000000000000.0,0
528613096,36,2160000000000000.0,0
528613096,37,2170000000000000.0,0
528613096,38,2180000000000000.0,0
528613096,39,2190000000000000.0,0
528613096,40,2200000000000000.0,0
528613096,41,2250000000000000.0,0
528613096,42,2300000000000000.0,0
528613096,43,2400000000000000.0,1
528613096,44,2350000000000000.0,1
528613096,45,2330000000000000.0,1
528613096,46,2310000000000000.0,1
528613096,47,2310000000000000.0,1
528613096,48,2310000000000000.0,1
528613096,49,2310000000000000.0,1
528613096,50,2310000000000000.0,1
528613096,51,160000000000000.0,0
528613096,52,140000000000000.0,0
528613096,53,120000000000000.0,0
528613096,54,100000000000000.0,0
528613096,55,80000000000000.0,0
528613096,56,60000000000000.0,0
528613096,57,50000000000000.0,0
528613096,58,50000000000000.0,0
528613096,59,50000000000000.0,0
528613096,60,70000000000000.0,0
528613096,61,90000000000000.0,0
528613096,62,110000000000000.0,0
528613096,63,130000000000000.0,0
528613096,64,150000000000000.0,0
528613096,65,170000000000000.0,0
528613096,66,190000000000000.0,0
528613096,67,210000000000000.0,0
528613096,68,230000000000000.0,0
528613096,69,249999984741210.94,0
528613096,70,270000000000000.0,0
528613096,71,290000000000000.0,0
528613096,72,310000000000000.0,1
528613096,73,330000000000000.0,1
528613096,74,350000000000000.0,2
528613096,75,370000000000000.0,2
528613096,76,390000000000000.0,3
528613096,77,410000000000000.0,5
528613096,78,430000000000000.0,6
528613096,79,450000000000000.0,7
528613096,80,300000000000000.0,1
528613096,81,280000000000000.0,0
528613096,82,290000000000000.0,0
528613096,83,300000000000000.0,0
528613096,84,310000000000000.0,1
528613096,85,310000000000000.0,1
528613096,86,310000000000000.0,1
528613096,87,310000000000000.0,1
528613096,89,400000000000000.0,0
528613096,90,400000000000000.0,0
528613096,93,50000000000000.0,0
571527806,6,800000000000000.0,0
571527806,7,800000000000000.0,0
571527806,8,100000000000000.0,0
571527806,9,200000000000000.0,0
571527806,10,300000000000000.0,0
571527806,11,400000000000000.0,0
571527806,12,499999969482421.9,0
571527806,13,600000000000000.0,1
571527806,14,550000000000000.0,1
571527806,15,530000000000000.0,0
571527806,16,540000000000000.0,0
571527806,18,550000000000000.0,1
571527806,19,550000000000000.0,0
571527806,20,550000000000000.0,1
571527806,22,550000000000000.0,0
571527806,23,550000000000000.0,0
571527806,24,550000000000000.0,0
571527806,25,560000000000000.0,0
571527806,26,570000000000000.0,0
571527806,27,580000000000000.0,0
571527806,28,590000000000000.0,1
571527806,29,590000000000000.0,0
571527806,30,590000000000000.0,1
571527806,31,590000000000000.0,0
571527806,32,590000000000000.0,1
571527806,33,590000000000000.0,0
571527806,35,140000000000000.0,0
571527806,36,120000000000000.0,0
571527806,37,100000000000000.0,0
571527806,38,80000000000000.0,0
571527806,39,60000000000000.0,0
571527806,40,50000000000000.0,0
571527806,41,50000000000000.0,1
571527806,42,50000000000000.0,4
571527806,43,70000000000000.0,8
571527806,44,90000000000000.0,10
571527806,45,110000000000000.0,13
571527806,46,130000000000000.0,16
571527806,47,150000000000000.0,17
571527806,48,170000000000000.0,20
571527806,49,100000000000000.0,11
571527806,54,50000000000000.0,1
571527806,55,50000000000000.0,2
571527806,56,50000000000000.0,3
571527806,57,80000000000000.0,8
571527806,58,80000000000000.0,8
571527806,60,94250000000000.0,0
571527806,61,92750000000000.0,0
571527806,62,94250000000000.0,0
571527806,65,400000000000000.0,0
571527806,66,400000000000000.0,0
571527806,68,400000000000000.0,0
571527806,69,400000000000000.0,0
571527806,70,400000000000000.0,0
571527806,71,400000000000000.0,0
571527806,72,400000000000000.0,0
571527806,73,400000000000000.0,0
571527806,76,50000000000000.0,0
527922515,4,800000000000000.0,0
527922515,5,800000000000000.0,0
527922515,6,800000000000000.0,0
527922515,7,100000000000000.0,0
527922515,8,200000000000000.0,0
527922515,9,300000000000000.0,0
527922515,10,400000000000000.0,0
527922515,11,499999969482421.9,0
527922515,12,600000000000000.0,0
527922515,13,700000000000000.0,0
527922515,14,800000000000000.0,0
527922515,15,900000000000000.0,0
527922515,16,999999938964843.8,0
527922515,17,1100000000000000.0,1
527922515,18,1200000000000000.0,1
527922515,19,1150000000000000.0,1
527922515,20,1150000000000000.0,1
527922515,21,1150000000000000.0,1
527922515,22,1150000000000000.0,1
527922515,23,1150000000000000.0,1
527922515,24,160000000000000.0,0
527922515,25,140000000000000.0,0
527922515,26,120000000000000.0,0
527922515,27,100000000000000.0,0
527922515,28,80000000000000.0,0
527922515,29,60000000000000.0,0
527922515,31,50000000000000.0,0
527922515,32,50000000000000.0,0
527922515,33,70000000000000.0,0
527922515,34,90000000000000.0,0
527922515,35,110000000000000.0,1
527922515,36,130000000000000.0,4
527922515,37,150000000000000.0,6
527922515,39,190000000000000.0,10
527922515,41,230000000000000.0,13
527922515,42,249999984741210.94,13
527922515,43,130000000000000.0,1
527922515,44,130000000000000.0,1
527922515,45,130000000000000.0,0
527922515,46,130000000000000.0,0
527922515,48,306500000000000.0,0
527922515,49,301375000000000.0,0
527922515,50,306500000000000.0,0
527922515,51,301375000000000.0,0
527922515,52,306500000000000.0,0
527922515,54,306500000000000.0,0
527922515,57,50000000000000.0,0
542137330,4,800000000000000.0,0
542137330,5,800000000000000.0,0
542137330,6,800000000000000.0,0
542137330,7,100000000000000.0,0
542137330,8,200000000000000.0,0
542137330,9,300000000000000.0,0
542137330,10,400000000000000.0,0
542137330,11,499999969482421.9,1
542137330,12,469999969482421.9,1
542137330,13,430000000000000.0,0
542137330,14,440000000000000.0,0
542137330,15,450000000000000.0,1
542137330,19,450000000000000.0,0
542137330,22,120000000000000.0,0
542137330,23,100000000000000.0,0
542137330,24,80000000000000.0,0
542137330,25,60000000000000.0,0
542137330,26,50000000000000.0,0
542137330,27,50000000000000.0,0
542137330,28,50000000000000.0,3
542137330,29,70000000000000.0,7
542137330,30,90000000000000.0,10
542137330,32,130000000000000.0,16
542137330,33,150000000000000.0,18
542137330,34,170000000000000.0,21
542137330,35,190000000000000.0,23
542137330,37,50000000000000.0,1
542137330,38,50000000000000.0,1
542137330,39,50000000000000.0,1
542137330,44,117875000000000.0,0
542137330,46,117875000000000.0,0
520623958,4,800000000000000.0,0
520623958,5,800000000000000.0,0
520623958,6,800000000000000.0,0
520623958,7,100000000000000.0,0
520623958,8,200000000000000.0,0
520623958,9,300000000000000.0,0
520623958,10,400000000000000.0,0
520623958,11,499999969482421.9,0
520623958,12,600000000000000.0,0
520623958,13,700000000000000.0,0
520623958,14,800000000000000.0,0
520623958,15,900000000000000.0,0
520623958,16,999999938964843.8,0
520623958,17,1100000000000000.0,0
520623958,18,1200000000000000.0,0
520623958,19,1300000000000000.0,0
520623958,20,1400000000000000.0,0
520623958,21,1500000000000000.0,0
520623958,22,1600000000000000.0,0
520623958,23,1700000000000000.0,0
520623958,24,1800000000000000.0,0
520623958,26,1999999877929687.5,2
520623958,27,1949999877929687.5,0
520623958,28,1969999877929687.5,0
520623958,29,1989999877929687.5,0
520623958,30,2050000000000000.0,2
520623958,31,2029999877929687.5,2
520623958,32,2019999877929687.5,0
520623958,33,2029999877929687.5,0
520623958,34,2039999877929687.5,0
520623958,35,2060000000000000.0,2
520623958,36,2060000000000000.0,2
520623958,37,2060000000000000.0,2
520623958,38,2060000000000000.0,2
520623958,39,2060000000000000.0,2
520623958,40,160000000000000.0,0
520623958,41,140000000000000.0,0
520623958,42,120000000000000.0,0
520623958,43,100000000000000.0,0
520623958,44,80000000000000.0,0
520623958,45,60000000000000.0,0
520623958,46,50000000000000.0,0
520623958,47,50000000000000.0,0
520623958,48,50000000000000.0,0
520623958,49,70000000000000.0,0
520623958,50,90000000000000.0,0
520623958,51,110000000000000.0,0
520623958,52,130000000000000.0,0
520623958,53,150000000000000.0,2
520623958,54,170000000000000.0,2
520623958,55,190000000000000.0,3
520623958,56,210000000000000.0,4
520623958,58,249999984741210.94,6
520623958,59,270000000000000.0,7
520623958,60,290000000000000.0,8
520623958,61,140000000000000.0,0
520623958,62,150000000000000.0,2
520623958,63,150000000000000.0,2
520623958,64,150000000000000.0,2
520623958,65,150000000000000.0,2
520623958,66,347625000000000.0,0
520623958,67,353625000000000.0,0
520623958,68,347625000000000.0,0
520623958,70,347625000000000.0,0
520623958,71,353625000000000.0,0
520623958,76,50000000000000.0,0
571691416,4,800000000000000.0,0
571691416,5,800000000000000.0,0
571691416,6,800000000000000.0,0
571691416,7,300000000000000.0,0
571691416,11,1150000000000000.0,1
571691416,13,1150000000000000.0,1
571691416,14,1150000000000000.0,1
571691416,15,1150000000000000.0,1
571691416,16,270000000000000.0,0
571691416,17,230000000000000.0,0
571691416,18,190000000000000.0,0
571691416,19,150000000000000.0,0
571691416,20,110000000000000.0,0
571691416,21,70000000000000.0,0
571691416,23,59999996185302.734,0
571691416,24,100000000000000.0,2
571691416,25,140000000000000.0,7
571691416,26,180000000000000.0,13
571691416,27,220000000000000.0,17
571691416,28,260000000000000.0,22
571691416,29,300000000000000.0,27
571691416,30,340000000000000.0,31
571691416,31,380000000000000.0,34
571691416,32,100000000000000.0,0
571691416,33,110000000000000.0,1
571691416,34,110000000000000.0,1
571691416,35,110000000000000.0,1
571691416,36,110000000000000.0,1
571691416,37,150000000000000.0,3
571691416,38,150000000000000.0,3
571691416,39,150000000000000.0,3
571691416,40,150000000000000.0,2
571691416,41,190000000000000.0,9
571691416,44,190000000000000.0,8
571691416,45,254999984741210.94,0
571691416,46,259375000000000.0,0
571691416,50,400000000000000.0,0
571691416,59,400000000000000.0,0
571691416,62,50000000000000.0,0
528002420,4,800000000000000.0,0
528002420,5,800000000000000.0,0
528002420,6,800000000000000.0,0
528002420,7,100000000000000.0,0
528002420,8,200000000000000.0,0
528002420,9,300000000000000.0,0
528002420,10,400000000000000.0,1
528002420,11,350000000000000.0,0
528002420,12,370000000000000.0,0
528002420,13,390000000000000.0,0
528002420,14,400000000000000.0,0
528002420,15,450000000000000.0,1
528002420,16,430000000000000.0,1
528002420,17,410000000000000.0,0
528002420,18,420000000000000.0,1
528002420,19,420000000000000.0,1
528002420,20,420000000000000.0,1
528002420,21,420000000000000.0,0
528002420,22,420000000000000.0,1
528002420,23,160000000000000.0,0
528002420,24,140000000000000.0,0
528002420,25,120000000000000.0,0
528002420,27,80000000000000.0,0
528002420,28,60000000000000.0,0
528002420,29,50000000000000.0,0
528002420,30,50000000000000.0,0
528002420,31,50000000000000.0,0
528002420,32,70000000000000.0,0
528002420,33,90000000000000.0,0
528002420,34,110000000000000.0,0
528002420,35,130000000000000.0,10
528002420,36,150000000000000.0,26
528002420,37,170000000000000.0,37
528002420,38,190000000000000.0,55
528002420,39,210000000000000.0,65
528002420,40,230000000000000.0,73
528002420,41,249999984741210.94,81
528002420,42,270000000000000.0,90
528002420,43,119999992370605.47,1
528002420,46,130000000000000.0,1
528002420,47,130000000000000.0,7
528002420,49,119999992370605.47,3
528002420,51,119999992370605.47,3
528002420,52,119999992370605.47,4
528002420,53,119999992370605.47,4
528002420,56,282875000000000.0,0
528002420,57,278125000000000.0,0
528002420,59,278125000000000.0,0
528002420,61,278125000000000.0,0
528002420,62,282875000000000.0,0
528002420,64,400000000000000.0,0
528002420,65,400000000000000.0,0
528002420,67,130000000000000.0,5
528002420,68,130000000000000.0,10
528002420,69,130000000000000.0,12
528002420,70,130000000000000.0,18
528002420,71,130000000000000.0,2
528002420,72,170000000000000.0,42
528002420,73,170000000000000.0,43
528002420,74,170000000000000.0,41
528002420,75,170000000000000.0,44
528002420,76,210000000000000.0,67
528002420,77,210000000000000.0,67
528002420,78,210000000000000.0,68
528002420,79,210000000000000.0,71
528002420,82,50000000000000.0,0
571735073,14,800000000000000.0,0
571735073,15,800000000000000.0,0
571735073,16,800000000000000.0,0
571735073,17,300000000000000.0,0
571735073,18,600000000000000.0,0
571735073,19,900000000000000.0,1
571735073,20,850000000000000.0,0
571735073,21,870000000000000.0,1
571735073,22,870000000000000.0,1
571735073,23,870000000000000.0,1
571735073,24,870000000000000.0,1
571735073,25,870000000000000.0,0
571735073,26,870000000000000.0,0
571735073,27,870000000000000.0,0
571735073,28,880000000000000.0,1
571735073,29,880000000000000.0,0
571735073,30,880000000000000.0,0
571735073,31,880000000000000.0,1
571735073,32,880000000000000.0,1
571735073,33,270000000000000.0,0
571735073,34,230000000000000.0,0
571735073,35,190000000000000.0,0
571735073,36,150000000000000.0,0
571735073,37,110000000000000.0,0
571735073,38,70000000000000.0,0
571735073,39,50000000000000.0,0
571735073,40,59999996185302.734,0
571735073,41,100000000000000.0,5
571735073,42,140000000000000.0,9
571735073,43,180000000000000.0,13
571735073,44,220000000000000.0,16
571735073,45,260000000000000.0,19
571735073,46,300000000000000.0,22
571735073,47,340000000000000.0,24
571735073,48,380000000000000.0,27
571735073,49,100000000000000.0,5
571735073,50,100000000000000.0,5
571735073,51,100000000000000.0,5
571735073,52,100000000000000.0,5
571735073,53,140000000000000.0,8
571735073,54,140000000000000.0,9
571735073,55,140000000000000.0,9
571735073,56,140000000000000.0,9
571735073,57,231750000000000.0,0
571735073,58,235750000000000.0,0
571735073,59,231750000000000.0,0
571735073,60,235750000000000.0,0
571735073,62,400000000000000.0,0
571735073,63,400000000000000.0,0
571735073,65,400000000000000.0,0
571735073,66,400000000000000.0,0
571735073,67,400000000000000.0,0
571735073,68,400000000000000.0,0
571735073,69,400000000000000.0,0
571735073,70,400000000000000.0,0
571735073,71,400000000000000.0,0
571735073,74,50000000000000.0,0
508381644,4,800000000000000.0,0
508381644,5,800000000000000.0,0
508381644,6,800000000000000.0,0
508381644,7,100000000000000.0,0
508381644,8,200000000000000.0,0
508381644,9,300000000000000.0,0
508381644,10,400000000000000.0,0
508381644,11,499999969482421.9,1
508381644,12,450000000000000.0,1
508381644,14,410000000000000.0,0
508381644,15,420000000000000.0,1
508381644,16,420000000000000.0,0
508381644,17,420000000000000.0,1
508381644,18,420000000000000.0,0
508381644,19,430000000000000.0,1
508381644,20,430000000000000.0,1
508381644,21,430000000000000.0,1
508381644,22,430000000000000.0,1
508381644,23,430000000000000.0,1
508381644,24,160000000000000.0,0
508381644,25,140000000000000.0,0
508381644,26,120000000000000.0,0
508381644,27,100000000000000.0,0
508381644,28,80000000000000.0,0
508381644,29,60000000000000.0,0
508381644,30,50000000000000.0,0
508381644,31,50000000000000.0,0
508381644,34,90000000000000.0,9
508381644,35,110000000000000.0,20
508381644,36,130000000000000.0,31
508381644,37,150000000000000.0,38
508381644,38,170000000000000.0,48
508381644,39,190000000000000.0,56
508381644,40,210000000000000.0,64
508381644,41,59999996185302.734,1
508381644,42,59999996185302.734,1
508381644,43,59999996185302.734,1
508381644,44,139125000000000.0,0
508381644,46,139125000000000.0,0
508381644,47,141500000000000.0,0
508381644,48,139125000000000.0,0
508381644,49,141500000000000.0,0
508381644,50,139125000000000.0,0
508381644,51,141500000000000.0,0
508381644,53,400000000000000.0,0
508381644,55,430000000000000.0,0
508381644,56,440000000000000.0,0
508381644,58,460000000000000.0,0
508381644,59,469999969482421.9,0
508381644,61,469999969482421.9,0
508381644,63,469999969482421.9,0
508381644,65,469999969482421.9,0
508381644,66,469999969482421.9,0
508381644,68,469999969482421.9,0
508381644,69,469999969482421.9,0
508381644,70,469999969482421.9,0
508381644,73,469999969482421.9,0
508381644,74,469999969482421.9,0
508381644,75,469999969482421.9,0
508381644,76,469999969482421.9,0
508381644,79,469999969482421.9,0
508381644,84,70000000000000.0,1
508381644,85,70000000000000.0,1
508381644,86,110000000000000.0,12
508381644,95,300625000000000.0,0
508381644,96,300625000000000.0,0
508381644,99,50000000000000.0,0
526714733,3,800000000000000.0,0
526714733,4,800000000000000.0,0
526714733,5,800000000000000.0,0
526714733,6,100000000000000.0,0
526714733,7,200000000000000.0,0
526714733,14,900000000000000.0,0
526714733,15,999999938964843.8,0
526714733,16,1100000000000000.0,0
526714733,17,1200000000000000.0,0
526714733,18,1300000000000000.0,0
526714733,25,1600000000000000.0,1
526714733,27,160000000000000.0,0
526714733,29,120000000000000.0,0
526714733,30,100000000000000.0,0
526714733,33,50000000000000.0,0
526714733,35,50000000000000.0,0
526714733,36,70000000000000.0,0
526714733,37,90000000000000.0,0
526714733,38,110000000000000.0,0
526714733,39,130000000000000.0,0
526714733,40,150000000000000.0,0
526714733,41,170000000000000.0,0
526714733,42,190000000000000.0,0
526714733,43,210000000000000.0,0
526714733,44,230000000000000.0,1
526714733,45,249999984741210.94,3
526714733,46,270000000000000.0,4
526714733,47,290000000000000.0,8
526714733,48,310000000000000.0,9
526714733,49,330000000000000.0,11
526714733,50,350000000000000.0,12
526714733,51,370000000000000.0,14
526714733,52,390000000000000.0,15
526714733,53,239999984741210.94,1
526714733,54,239999984741210.94,1
526714733,55,239999984741210.94,1
526714733,56,239999984741210.94,1
526714733,57,556250000000000.0,0
526714733,58,565875000000000.0,0
526714733,59,556250000000000.0,0
526714733,60,565875000000000.0,0
526714733,61,556250000000000.0,0
526714733,62,565875000000000.0,0
526714733,63,556250000000000.0,0
526714733,64,565875000000000.0,0
526714733,66,400000000000000.0,0
526714733,67,400000000000000.0,0
526714733,68,280000000000000.0,2
526714733,69,280000000000000.0,2
526714733,70,280000000000000.0,2
526714733,71,280000000000000.0,2
526714733,73,320000000000000.0,5
526714733,76,360000000000000.0,10
526714733,77,360000000000000.0,10
526714733,82,50000000000000.0,0
571427581,6,800000000000000.0,0
571427581,7,800000000000000.0,0
571427581,8,800000000000000.0,0
571427581,9,100000000000000.0,0
571427581,10,200000000000000.0,0
571427581,11,300000000000000.0,0
571427581,12,400000000000000.0,0
571427581,13,499999969482421.9,0
571427581,14,600000000000000.0,0
571427581,15,700000000000000.0,0
571427581,16,800000000000000.0,0
571427581,17,900000000000000.0,1
571427581,18,850000000000000.0,0
571427581,19,870000000000000.0,0
571427581,20,890000000000000.0,0
571427581,21,900000000000000.0,1
571427581,22,900000000000000.0,1
571427581,23,900000000000000.0,1
571427581,24,900000000000000.0,1
571427581,25,900000000000000.0,0
571427581,26,160000000000000.0,0
571427581,27,140000000000000.0,0
571427581,28,120000000000000.0,0
571427581,29,100000000000000.0,0
571427581,30,80000000000000.0,0
571427581,31,60000000000000.0,0
571427581,32,50000000000000.0,0
571427581,33,50000000000000.0,0
571427581,34,50000000000000.0,0
571427581,35,70000000000000.0,0
571427581,36,90000000000000.0,1
571427581,37,110000000000000.0,5
571427581,38,130000000000000.0,7
571427581,39,150000000000000.0,10
571427581,40,170000000000000.0,11
571427581,41,190000000000000.0,13
571427581,42,210000000000000.0,15
571427581,43,230000000000000.0,17
571427581,44,80000000000000.0,0
571427581,45,90000000000000.0,0
571427581,46,100000000000000.0,1
571427581,47,100000000000000.0,1
571427581,48,100000000000000.0,1
571427581,49,100000000000000.0,1
571427581,50,140000000000000.0,6
571427581,51,140000000000000.0,6
571427581,52,140000000000000.0,6
571427581,53,140000000000000.0,6
571427581,54,160000000000000.0,9
571427581,55,160000000000000.0,9
571427581,56,231750000000000.0,0
571427581,58,231750000000000.0,0
571427581,61,400000000000000.0,0
571427581,62,400000000000000.0,0
571427581,63,400000000000000.0,0
571427581,64,400000000000000.0,0
571427581,65,400000000000000.0,0
571427581,66,400000000000000.0,0
571427581,67,400000000000000.0,0
571427581,68,400000000000000.0,0
571427581,69,400000000000000.0,0
571427581,70,400000000000000.0,0
571427581,73,50000000000000.0,0
571427581,74,50000000000000.0,0
508400236,4,800000000000000.0,0
508400236,5,800000000000000.0,0
508400236,6,800000000000000.0,0
508400236,8,200000000000000.0,0
508400236,9,300000000000000.0,0
508400236,10,400000000000000.0,0
508400236,11,499999969482421.9,0
508400236,12,600000000000000.0,1
508400236,13,550000000000000.0,0
508400236,14,570000000000000.0,1
508400236,15,560000000000000.0,0
508400236,16,570000000000000.0,0
508400236,17,580000000000000.0,1
508400236,18,580000000000000.0,1
508400236,19,580000000000000.0,0
508400236,20,580000000000000.0,0
508400236,21,590000000000000.0,1
508400236,22,590000000000000.0,1
508400236,23,590000000000000.0,1
508400236,24,590000000000000.0,0
508400236,25,590000000000000.0,0
508400236,26,160000000000000.0,0
508400236,27,140000000000000.0,0
508400236,28,120000000000000.0,0
508400236,29,100000000000000.0,0
508400236,33,50000000000000.0,0
508400236,34,50000000000000.0,0
508400236,35,70000000000000.0,0
508400236,36,90000000000000.0,0
508400236,37,110000000000000.0,0
508400236,38,130000000000000.0,0
508400236,39,150000000000000.0,1
508400236,40,170000000000000.0,1
508400236,41,190000000000000.0,25
508400236,42,210000000000000.0,39
508400236,43,230000000000000.0,46
508400236,44,249999984741210.94,53
508400236,45,270000000000000.0,59
508400236,46,290000000000000.0,65
508400236,47,140000000000000.0,1
508400236,48,119999992370605.47,0
508400236,49,130000000000000.0,0
508400236,50,140000000000000.0,1
508400236,51,140000000000000.0,1
508400236,53,140000000000000.0,1
508400236,54,324500000000000.0,0
508400236,55,330125000000000.0,0
508400236,56,324500000000000.0,0
508400236,57,330125000000000.0,0
508400236,58,324500000000000.0,0
508400236,59,330125000000000.0,0
508400236,60,324500000000000.0,0
508400236,61,330125000000000.0,0
508400236,63,400000000000000.0,0
508400236,64,400000000000000.0,0
508400236,65,130000000000000.0,0
508400236,66,140000000000000.0,0
508400236,67,150000000000000.0,0
508400236,68,160000000000000.0,1
508400236,69,160000000000000.0,1
508400236,70,160000000000000.0,0
508400236,71,170000000000000.0,1
508400236,72,170000000000000.0,1
508400236,73,170000000000000.0,1
508400236,74,170000000000000.0,1
508400236,75,210000000000000.0,8
508400236,76,210000000000000.0,3
508400236,77,210000000000000.0,2
508400236,78,210000000000000.0,11
508400236,79,249999984741210.94,43
508400236,80,249999984741210.94,43
508400236,81,249999984741210.94,45
508400236,82,249999984741210.94,44
508400236,85,730125000000000.0,0
508400236,86,560000000000000.0,0
508400236,87,590000000000000.0,1
508400236,88,580000000000000.0,1
508400236,89,570000000000000.0,1
508400236,90,550000000000000.0,0
508400236,94,560000000000000.0,0
508400236,95,560000000000000.0,0
508400236,96,560000000000000.0,0
508400236,97,560000000000000.0,0
508400236,98,560000000000000.0,0
508400236,99,560000000000000.0,0
508400236,100,560000000000000.0,0
508400236,101,560000000000000.0,0
508400236,102,560000000000000.0,0
508400236,103,560000000000000.0,0
508400236,104,560000000000000.0,0
508400236,106,560000000000000.0,0
508400236,107,560000000000000.0,0
508400236,108,560000000000000.0,0
508400236,109,560000000000000.0,0
508400236,110,560000000000000.0,0
508400236,111,560000000000000.0,0
508400236,112,560000000000000.0,0
508400236,114,50000000000000.0,0
526733569,4,800000000000000.0,0
526733569,5,800000000000000.0,0
526733569,6,800000000000000.0,0
526733569,7,100000000000000.0,0
526733569,8,200000000000000.0,0
526733569,9,300000000000000.0,0
526733569,10,400000000000000.0,0
526733569,11,499999969482421.9,0
526733569,12,600000000000000.0,0
526733569,13,700000000000000.0,0
526733569,14,800000000000000.0,0
526733569,15,900000000000000.0,0
526733569,16,999999938964843.8,0
526733569,17,1100000000000000.0,0
526733569,18,1200000000000000.0,0
526733569,19,1300000000000000.0,0
526733569,20,1400000000000000.0,0
526733569,21,1500000000000000.0,0
526733569,22,1600000000000000.0,0
526733569,23,1700000000000000.0,0
526733569,24,1800000000000000.0,0
526733569,25,1899999877929687.5,0
526733569,26,1999999877929687.5,0
526733569,27,2100000000000000.0,0
526733569,28,2200000000000000.0,1
526733569,29,2150000000000000.0,0
526733569,30,2170000000000000.0,0
526733569,31,2190000000000000.0,0
526733569,32,2200000000000000.0,0
526733569,33,2230000000000000.0,1
526733569,34,2210000000000000.0,0
526733569,35,2220000000000000.0,1
526733569,36,2220000000000000.0,1
526733569,37,2220000000000000.0,0
526733569,38,2220000000000000.0,0
526733569,39,2230000000000000.0,0
526733569,40,2250000000000000.0,1
526733569,41,2250000000000000.0,1
526733569,42,2250000000000000.0,1
526733569,43,2250000000000000.0,1
526733569,44,2250000000000000.0,1
526733569,45,160000000000000.0,0
526733569,46,140000000000000.0,0
526733569,47,120000000000000.0,0
526733569,48,100000000000000.0,0
526733569,49,80000000000000.0,0
526733569,50,60000000000000.0,0
526733569,51,50000000000000.0,0
526733569,52,50000000000000.0,0
526733569,53,50000000000000.0,0
526733569,54,70000000000000.0,0
526733569,55,90000000000000.0,0
526733569,56,110000000000000.0,0
526733569,57,130000000000000.0,0
526733569,58,150000000000000.0,0
526733569,59,170000000000000.0,0
526733569,60,190000000000000.0,0
526733569,61,210000000000000.0,0
526733569,62,230000000000000.0,0
526733569,63,249999984741210.94,0
526733569,64,270000000000000.0,0
526733569,65,290000000000000.0,0
526733569,66,310000000000000.0,2
526733569,67,330000000000000.0,5
526733569,68,350000000000000.0,6
526733569,69,370000000000000.0,8
526733569,70,390000000000000.0,9
526733569,71,410000000000000.0,11
526733569,72,430000000000000.0,12
526733569,73,450000000000000.0,13
526733569,74,300000000000000.0,0
526733569,75,310000000000000.0,1
526733569,76,310000000000000.0,1
526733569,77,310000000000000.0,1
526733569,78,310000000000000.0,1
526733569,88,400000000000000.0,0
526733569,89,400000000000000.0,0
526733569,92,50000000000000.0,0
508380891,4,800000000000000.0,0
508380891,5,800000000000000.0,0
508380891,6,800000000000000.0,0
508380891,7,100000000000000.0,0
508380891,8,200000000000000.0,0
508380891,9,300000000000000.0,0
508380891,10,400000000000000.0,0
508380891,11,499999969482421.9,0
508380891,12,600000000000000.0,0
508380891,13,700000000000000.0,0
508380891,14,800000000000000.0,0
508380891,16,850000000000000.0,0
508380891,17,870000000000000.0,0
508380891,18,910000000000000.0,0
508380891,19,949999938964843.8,0
508380891,20,999999938964843.8,1
508380891,21,969999938964843.8,0
508380891,22,989999938964843.8,1
508380891,23,979999938964843.8,1
508380891,24,979999938964843.8,1
508380891,25,979999938964843.8,1
508380891,26,979999938964843.8,0
508380891,27,979999938964843.8,0
508380891,28,160000000000000.0,0
508380891,29,140000000000000.0,0
508380891,30,120000000000000.0,0
508380891,31,100000000000000.0,0
508380891,32,80000000000000.0,0
508380891,33,60000000000000.0,0
508380891,34,50000000000000.0,0
508380891,35,50000000000000.0,0
508380891,36,50000000000000.0,0
508380891,37,70000000000000.0,1
508380891,38,90000000000000.0,1
508380891,39,110000000000000.0,1
508380891,41,150000000000000.0,8
508380891,42,170000000000000.0,10
508380891,44,210000000000000.0,13
508380891,45,59999996185302.734,0
508380891,46,70000000000000.0,0
508380891,47,80000000000000.0,1
508380891,48,80000000000000.0,1
508380891,49,80000000000000.0,1
508380891,50,80000000000000.0,0
508380891,51,80000000000000.0,0
508380891,52,90000000000000.0,1
508380891,53,90000000000000.0,1
508380891,54,90000000000000.0,1
508380891,55,90000000000000.0,1
508380891,57,212250000000000.0,0
508380891,58,100000000000000.0,1
508380891,60,235750000000000.0,0
508380891,61,100000000000000.0,1
508380891,62,231750000000000.0,0
508380891,63,235750000000000.0,0
508380891,64,231750000000000.0,0
508380891,65,235750000000000.0,0
508380891,66,231750000000000.0,0
508380891,67,235750000000000.0,0
508380891,68,231750000000000.0,0
508380891,69,235750000000000.0,0
508380891,71,400000000000000.0,0
508380891,72,400000000000000.0,0
508380891,75,50000000000000.0,0
569821470,5,800000000000000.0,0
569821470,6,800000000000000.0,0
569821470,7,800000000000000.0,0
569821470,8,800000000000000.0,0
569821470,9,100000000000000.0,0
569821470,10,200000000000000.0,0
569821470,11,300000000000000.0,0
569821470,12,400000000000000.0,0
569821470,13,499999969482421.9,0
569821470,14,600000000000000.0,0
569821470,15,700000000000000.0,0
569821470,16,800000000000000.0,0
569821470,17,900000000000000.0,0
569821470,18,999999938964843.8,1
569821470,19,949999938964843.8,1
569821470,20,930000000000000.0,1
569821470,21,910000000000000.0,0
569821470,22,920000000000000.0,0
569821470,23,930000000000000.0,0
569821470,24,939999938964843.8,0
569821470,25,949999938964843.8,0
569821470,26,959999938964843.8,0
569821470,27,969999938964843.8,0
569821470,28,979999938964843.8,1
569821470,29,979999938964843.8,0
569821470,30,979999938964843.8,0
569821470,31,989999938964843.8,0
569821470,32,999999938964843.8,1
569821470,33,999999938964843.8,1
569821470,34,999999938964843.8,0
569821470,35,999999938964843.8,0
569821470,36,999999938964843.8,0
569821470,37,1009999938964843.8,0
569821470,38,1030000000000000.0,0
569821470,39,1050000000000000.0,0
569821470,41,1070000000000000.0,1
569821470,42,1070000000000000.0,1
569821470,43,1070000000000000.0,1
569821470,45,1070000000000000.0,1
569821470,47,1070000000000000.0,0
569821470,48,160000000000000.0,0
569821470,49,140000000000000.0,0
569821470,50,120000000000000.0,0
569821470,51,100000000000000.0,0
569821470,52,80000000000000.0,0
569821470,53,60000000000000.0,0
569821470,54,50000000000000.0,0
569821470,55,50000000000000.0,0
569821470,56,50000000000000.0,3
569821470,57,70000000000000.0,7
569821470,58,90000000000000.0,10
569821470,59,110000000000000.0,12
569821470,60,130000000000000.0,16
569821470,61,150000000000000.0,18
569821470,62,170000000000000.0,23
569821470,63,190000000000000.0,25
569821470,64,50000000000000.0,1
569821470,65,50000000000000.0,1
569821470,66,50000000000000.0,1
569821470,67,50000000000000.0,1
569821470,79,50000000000000.0,0
526734407,4,800000000000000.0,0
526734407,5,800000000000000.0,0
526734407,6,800000000000000.0,0
526734407,7,100000000000000.0,0
526734407,8,200000000000000.0,0
526734407,9,300000000000000.0,0
526734407,10,400000000000000.0,0
526734407,11,499999969482421.9,0
526734407,12,600000000000000.0,0
526734407,13,700000000000000.0,0
526734407,14,800000000000000.0,0
526734407,15,900000000000000.0,0
526734407,16,999999938964843.8,0
526734407,17,1100000000000000.0,1
526734407,18,1050000000000000.0,1
526734407,19,1030000000000000.0,0
526734407,20,1040000000000000.0,0
526734407,21,1050000000000000.0,0
526734407,22,1060000000000000.0,1
526734407,23,1060000000000000.0,0
526734407,24,1060000000000000.0,1
526734407,25,1070000000000000.0,1
526734407,26,1070000000000000.0,1
526734407,27,1070000000000000.0,1
526734407,28,1070000000000000.0,1
526734407,29,1070000000000000.0,1
526734407,30,160000000000000.0,0
526734407,31,140000000000000.0,0
526734407,32,120000000000000.0,0
526734407,33,100000000000000.0,0
526734407,34,80000000000000.0,0
526734407,35,60000000000000.0,0
526734407,36,50000000000000.0,0
526734407,37,50000000000000.0,0
526734407,38,50000000000000.0,0
526734407,39,70000000000000.0,0
526734407,40,90000000000000.0,0
526734407,41,110000000000000.0,0
526734407,42,130000000000000.0,0
526734407,43,150000000000000.0,0
526734407,44,170000000000000.0,0
526734407,45,190000000000000.0,0
526734407,46,210000000000000.0,0
526734407,47,230000000000000.0,0
526734407,48,249999984741210.94,0
526734407,49,270000000000000.0,2
526734407,50,290000000000000.0,3
526734407,51,310000000000000.0,3
526734407,52,330000000000000.0,4
526734407,53,350000000000000.0,4
526734407,54,370000000000000.0,4
526734407,55,390000000000000.0,4
526734407,56,410000000000000.0,4
526734407,57,249999984741210.94,0
526734407,58,270000000000000.0,0
526734407,59,290000000000000.0,0
526734407,60,300000000000000.0,2
526734407,61,300000000000000.0,2
526734407,62,300000000000000.0,2
526734407,63,300000000000000.0,1
526734407,64,695375000000000.0,0
526734407,65,707250000000000.0,0
526734407,66,695375000000000.0,0
526734407,67,707250000000000.0,0
526734407,68,695375000000000.0,0
526734407,69,707250000000000.0,0
526734407,70,695375000000000.0,0
526734407,71,707250000000000.0,0
526734407,73,400000000000000.0,0
526734407,74,400000000000000.0,0
526734407,77,50000000000000.0,0
500955009,4,800000000000000.0,0
500955009,5,800000000000000.0,0
500955009,6,800000000000000.0,0
500955009,7,100000000000000.0,0
500955009,9,300000000000000.0,0
500955009,12,600000000000000.0,0
500955009,13,700000000000000.0,1
500955009,14,650000000000000.0,0
500955009,15,670000000000000.0,0
500955009,17,690000000000000.0,0
500955009,18,700000000000000.0,1
500955009,19,700000000000000.0,0
500955009,20,700000000000000.0,0
500955009,21,700000000000000.0,1
500955009,23,160000000000000.0,0
500955009,24,140000000000000.0,0
500955009,25,120000000000000.0,0
500955009,26,100000000000000.0,0
500955009,27,80000000000000.0,0
500955009,34,110000000000000.0,6
500955009,35,130000000000000.0,11
500955009,36,150000000000000.0,14
500955009,37,170000000000000.0,16
500955009,38,190000000000000.0,17
500955009,39,210000000000000.0,19
500955009,40,70000000000000.0,1
500955009,41,70000000000000.0,1
500955009,42,70000000000000.0,1
500955009,43,70000000000000.0,1
500955009,44,162250000000000.0,0
500955009,45,165000000000000.0,0
500955009,46,162250000000000.0,0
500955009,47,165000000000000.0,0
500955009,48,162250000000000.0,0
500955009,51,165000000000000.0,0
500955009,53,400000000000000.0,0
500955009,54,400000000000000.0,0
500955009,55,900000000000000.0,0
500955009,56,999999938964843.8,1
500955009,57,949999938964843.8,1
500955009,58,930000000000000.0,0
500955009,59,949999938964843.8,0
500955009,60,949999938964843.8,0
500955009,61,949999938964843.8,0
500955009,62,949999938964843.8,0
500955009,65,949999938964843.8,0
500955009,66,949999938964843.8,0
500955009,67,949999938964843.8,0
500955009,68,949999938964843.8,0
500955009,99,50000000000000.0,0
561466001,5,800000000000000.0,0
561466001,6,800000000000000.0,0
561466001,7,800000000000000.0,0
561466001,8,100000000000000.0,0
561466001,9,200000000000000.0,0
561466001,10,300000000000000.0,0
561466001,11,400000000000000.0,0
561466001,12,499999969482421.9,0
561466001,13,600000000000000.0,0
561466001,14,700000000000000.0,0
561466001,15,800000000000000.0,0
561466001,16,900000000000000.0,0
561466001,17,999999938964843.8,1
561466001,18,949999938964843.8,1
561466001,19,930000000000000.0,1
561466001,20,910000000000000.0,1
561466001,21,900000000000000.0,0
561466001,22,910000000000000.0,0
561466001,23,920000000000000.0,0
561466001,24,930000000000000.0,1
561466001,25,930000000000000.0,1
561466001,26,930000000000000.0,1
561466001,27,930000000000000.0,1
561466001,28,930000000000000.0,1
561466001,30,140000000000000.0,0
561466001,31,120000000000000.0,0
561466001,32,100000000000000.0,0
561466001,33,80000000000000.0,0
561466001,34,60000000000000.0,0
561466001,35,50000000000000.0,0
561466001,36,50000000000000.0,0
561466001,37,50000000000000.0,0
561466001,38,70000000000000.0,1
561466001,39,90000000000000.0,5
561466001,40,110000000000000.0,9
561466001,41,130000000000000.0,11
561466001,42,150000000000000.0,15
561466001,43,170000000000000.0,19
561466001,44,190000000000000.0,22
561466001,45,210000000000000.0,25
561466001,46,59999996185302.734,0
561466001,47,70000000000000.0,0
561466001,48,80000000000000.0,0
561466001,49,90000000000000.0,0
561466001,50,100000000000000.0,1
561466001,51,100000000000000.0,1
561466001,52,100000000000000.0,1
561466001,53,100000000000000.0,1
561466001,54,231750000000000.0,0
561466001,55,235750000000000.0,0
561466001,56,231750000000000.0,0
561466001,57,235750000000000.0,0
561466001,59,400000000000000.0,0
561466001,60,400000000000000.0,0
561466001,64,50000000000000.0,0
561466001,65,50000000000000.0,0
529884137,4,800000000000000.0,0
529884137,5,800000000000000.0,0
529884137,6,800000000000000.0,0
529884137,7,100000000000000.0,0
529884137,8,200000000000000.0,0
529884137,9,300000000000000.0,0
529884137,10,400000000000000.0,0
529884137,11,499999969482421.9,1
529884137,12,450000000000000.0,1
529884137,13,430000000000000.0,0
529884137,14,440000000000000.0,0
529884137,15,450000000000000.0,1
529884137,16,450000000000000.0,1
529884137,17,450000000000000.0,1
529884137,18,450000000000000.0,1
529884137,19,450000000000000.0,1
529884137,22,120000000000000.0,0
529884137,23,100000000000000.0,0
529884137,24,80000000000000.0,0
529884137,25,60000000000000.0,0
529884137,26,50000000000000.0,0
529884137,27,50000000000000.0,2
529884137,28,50000000000000.0,7
529884137,29,70000000000000.0,13
529884137,30,90000000000000.0,18
529884137,31,110000000000000.0,23
529884137,32,130000000000000.0,27
529884137,33,150000000000000.0,30
529884137,34,170000000000000.0,35
529884137,35,50000000000000.0,0
529884137,36,50000000000000.0,1
529884137,37,50000000000000.0,1
529884137,45,70625000000000.0,0
529884137,46,69375000000000.0,0
529884137,53,50000000000000.0,2
529884137,54,50000000000000.0,3
529884137,55,50000000000000.0,2
529884137,58,80000000000000.0,13
529884137,61,119999992370605.47,23
529884137,62,119999992370605.47,22
529884137,63,119999992370605.47,22
529884137,64,450000000000000.0,0
529884137,66,460000000000000.0,0
529884137,73,460000000000000.0,0
529884137,74,460000000000000.0,0
529884137,75,460000000000000.0,0
529884137,76,460000000000000.0,0
529884137,77,460000000000000.0,0
529884137,79,460000000000000.0,0
529884137,82,460000000000000.0,0
529884137,83,460000000000000.0,0
529884137,84,460000000000000.0,0
529884137,85,460000000000000.0,0
529884137,88,171875000000000.0,0
529884137,89,100000000000000.0,0
529884137,92,400000000000000.0,0
529884137,93,499999969482421.9,1
529884137,94,450000000000000.0,1
529884137,96,410000000000000.0,0
529884137,97,420000000000000.0,0
529884137,103,100000000000000.0,0
529884137,104,200000000000000.0,0
529884137,105,300000000000000.0,0
529884137,106,400000000000000.0,0
529884137,112,850000000000000.0,0
529884137,113,870000000000000.0,0
529884137,115,910000000000000.0,1
529884137,118,900000000000000.0,1
529884137,121,900000000000000.0,1
529884137,124,50000000000000.0,0
526800653,4,800000000000000.0,0
526800653,6,800000000000000.0,0
526800653,7,100000000000000.0,0
526800653,8,200000000000000.0,0
526800653,9,300000000000000.0,0
526800653,10,400000000000000.0,0
526800653,11,499999969482421.9,0
526800653,12,600000000000000.0,0
526800653,13,700000000000000.0,0
526800653,14,800000000000000.0,0
526800653,15,900000000000000.0,0
526800653,16,999999938964843.8,0
526800653,17,1100000000000000.0,0
526800653,18,1200000000000000.0,0
526800653,19,1300000000000000.0,0
526800653,20,1400000000000000.0,0
526800653,21,1500000000000000.0,0
526800653,22,1600000000000000.0,0
526800653,23,1700000000000000.0,0
526800653,24,1800000000000000.0,0
526800653,25,1899999877929687.5,0
526800653,26,1999999877929687.5,0
526800653,27,2100000000000000.0,0
526800653,28,2200000000000000.0,0
526800653,29,2300000000000000.0,3
526800653,31,2300000000000000.0,3
526800653,32,2300000000000000.0,3
526800653,33,2300000000000000.0,0
526800653,34,160000000000000.0,0
526800653,35,140000000000000.0,0
526800653,36,120000000000000.0,0
526800653,37,100000000000000.0,0
526800653,38,80000000000000.0,0
526800653,39,60000000000000.0,0
526800653,40,50000000000000.0,0
526800653,41,50000000000000.0,0
526800653,42,50000000000000.0,0
526800653,43,70000000000000.0,0
526800653,45,110000000000000.0,0
526800653,46,130000000000000.0,0
526800653,47,150000000000000.0,0
526800653,52,249999984741210.94,0
526800653,54,290000000000000.0,0
526800653,55,310000000000000.0,0
526800653,56,330000000000000.0,0
526800653,57,350000000000000.0,2
526800653,59,390000000000000.0,2
526800653,60,410000000000000.0,2
526800653,61,430000000000000.0,2
526800653,62,450000000000000.0,2
526800653,63,469999969482421.9,3
526800653,64,350000000000000.0,2
526800653,65,350000000000000.0,2
526800653,66,350000000000000.0,2
526800653,67,350000000000000.0,2
526800653,68,811250000000000.0,0
526800653,69,825125000000000.0,0
526800653,70,811250000000000.0,0
526800653,71,825125000000000.0,0
526800653,72,811250000000000.0,0
526800653,74,811250000000000.0,0
526800653,77,400000000000000.0,0
526800653,78,400000000000000.0,0
526800653,81,50000000000000.0,0
541546139,5,800000000000000.0,0
541546139,6,800000000000000.0,0
541546139,7,100000000000000.0,0
541546139,8,200000000000000.0,0
541546139,9,300000000000000.0,0
541546139,10,400000000000000.0,0
541546139,11,499999969482421.9,0
541546139,12,600000000000000.0,0
541546139,13,700000000000000.0,0
541546139,14,800000000000000.0,0
541546139,15,900000000000000.0,0
541546139,16,999999938964843.8,0
541546139,17,1100000000000000.0,0
541546139,18,1200000000000000.0,0
541546139,19,1300000000000000.0,0
541546139,20,1400000000000000.0,0
541546139,21,1500000000000000.0,0
541546139,22,1600000000000000.0,0
541546139,23,1700000000000000.0,0
541546139,24,1800000000000000.0,0
541546139,25,1899999877929687.5,1
541546139,26,1850000000000000.0,0
541546139,27,1869999877929687.5,0
541546139,28,1889999877929687.5,0
541546139,29,1899999877929687.5,0
541546139,30,1909999877929687.5,0
541546139,31,1929999877929687.5,0
541546139,32,1949999877929687.5,0
541546139,33,1969999877929687.5,0
541546139,34,1989999877929687.5,0
541546139,35,2009999877929687.5,1
541546139,36,1999999877929687.5,1
541546139,37,1999999877929687.5,1
541546139,38,1999999877929687.5,1
541546139,39,1999999877929687.5,1
541546139,40,1999999877929687.5,1
541546139,41,160000000000000.0,0
541546139,42,140000000000000.0,0
541546139,43,120000000000000.0,0
541546139,44,100000000000000.0,0
541546139,45,80000000000000.0,0
541546139,46,60000000000000.0,0
541546139,47,50000000000000.0,0
541546139,48,50000000000000.0,0
541546139,49,50000000000000.0,0
541546139,50,70000000000000.0,0
541546139,51,90000000000000.0,0
541546139,52,110000000000000.0,0
541546139,53,130000000000000.0,0
541546139,54,150000000000000.0,0
541546139,55,170000000000000.0,0
541546139,56,190000000000000.0,0
541546139,57,210000000000000.0,0
541546139,58,230000000000000.0,1
541546139,59,249999984741210.94,1
541546139,60,270000000000000.0,1
541546139,61,290000000000000.0,2
541546139,62,310000000000000.0,2
541546139,63,330000000000000.0,2
541546139,64,350000000000000.0,2
541546139,65,370000000000000.0,2
541546139,89,400000000000000.0,0
541546139,90,400000000000000.0,0
541546139,93,50000000000000.0,0
576113488,5,800000000000000.0,0
576113488,6,800000000000000.0,0
576113488,7,800000000000000.0,0
576113488,9,300000000000000.0,0
576113488,10,600000000000000.0,0
576113488,11,900000000000000.0,0
576113488,12,1200000000000000.0,1
576113488,13,1100000000000000.0,0
576113488,14,1200000000000000.0,0
576113488,15,1300000000000000.0,1
576113488,16,1250000000000000.0,1
576113488,17,1250000000000000.0,1
576113488,18,1230000000000000.0,0
576113488,19,1240000000000000.0,0
576113488,20,1250000000000000.0,1
576113488,21,1250000000000000.0,0
576113488,22,1260000000000000.0,1
576113488,23,1260000000000000.0,1
576113488,24,1260000000000000.0,1
576113488,25,1260000000000000.0,1
576113488,26,1260000000000000.0,1
576113488,27,270000000000000.0,0
576113488,28,230000000000000.0,0
576113488,29,190000000000000.0,0
576113488,30,150000000000000.0,0
576113488,31,110000000000000.0,0
576113488,32,70000000000000.0,0
576113488,33,50000000000000.0,0
576113488,34,59999996185302.734,0
576113488,35,100000000000000.0,0
576113488,36,140000000000000.0,0
576113488,37,180000000000000.0,1
576113488,38,220000000000000.0,1
576113488,39,260000000000000.0,4
576113488,40,300000000000000.0,8
576113488,41,340000000000000.0,11
576113488,42,380000000000000.0,13
576113488,43,420000000000000.0,16
576113488,44,460000000000000.0,19
576113488,45,280000000000000.0,4
576113488,46,260000000000000.0,2
576113488,47,230000000000000.0,1
576113488,48,200000000000000.0,1
576113488,49,180000000000000.0,0
576113488,50,190000000000000.0,0
576113488,51,200000000000000.0,1
576113488,52,200000000000000.0,0
576113488,53,210000000000000.0,1
576113488,54,210000000000000.0,1
576113488,55,210000000000000.0,1
576113488,56,210000000000000.0,1
576113488,57,249999984741210.94,1
576113488,58,249999984741210.94,1
576113488,59,249999984741210.94,1
576113488,60,249999984741210.94,1
576113488,61,290000000000000.0,3
576113488,62,290000000000000.0,3
576113488,63,486749969482421.9,0
576113488,64,495125000000000.0,0
576113488,65,486749969482421.9,0
576113488,66,495125000000000.0,0
576113488,67,400000000000000.0,0
576113488,68,400000000000000.0,0
576113488,69,400000000000000.0,0
576113488,70,400000000000000.0,0
576113488,71,400000000000000.0,0
576113488,72,400000000000000.0,0
576113488,73,400000000000000.0,0
576113488,74,400000000000000.0,0
576113488,75,400000000000000.0,0
576113488,76,400000000000000.0,0
576113488,77,1260000000000000.0,0
576113488,78,1300000000000000.0,0
576113488,79,1350000000000000.0,0
576113488,80,1400000000000000.0,0
576113488,81,1500000000000000.0,0
576113488,82,1600000000000000.0,1
576113488,83,1550000000000000.0,1
576113488,84,1510000000000000.0,0
576113488,85,1530000000000000.0,0
576113488,86,1540000000000000.0,1
576113488,87,1540000000000000.0,0
576113488,88,1550000000000000.0,0
576113488,89,1560000000000000.0,0
576113488,90,1560000000000000.0,0
576113488,91,1560000000000000.0,0
576113488,92,1560000000000000.0,0
576113488,93,1560000000000000.0,0
576113488,94,1560000000000000.0,0
576113488,95,1560000000000000.0,0
576113488,96,1560000000000000.0,0
576113488,97,1560000000000000.0,0
576113488,98,1560000000000000.0,0
576113488,99,1560000000000000.0,0
576113488,100,1560000000000000.0,0
576113488,101,1560000000000000.0,0
576113488,102,1560000000000000.0,0
576113488,103,1560000000000000.0,0
576113488,104,1560000000000000.0,0
576113488,105,1560000000000000.0,0
576113488,106,1560000000000000.0,0
576113488,107,1560000000000000.0,0
576113488,108,1560000000000000.0,0
576113488,109,1560000000000000.0,0
576113488,113,50000000000000.0,0
527907460,5,800000000000000.0,0
527907460,6,800000000000000.0,0
527907460,7,800000000000000.0,0
527907460,8,100000000000000.0,0
527907460,9,200000000000000.0,0
527907460,10,300000000000000.0,0
527907460,11,400000000000000.0,0
527907460,12,499999969482421.9,0
527907460,13,600000000000000.0,0
527907460,14,700000000000000.0,0
527907460,15,800000000000000.0,0
527907460,16,900000000000000.0,0
527907460,17,999999938964843.8,0
527907460,18,1100000000000000.0,0
527907460,19,1200000000000000.0,0
527907460,20,1300000000000000.0,0
527907460,21,1400000000000000.0,0
527907460,22,1500000000000000.0,0
527907460,23,1600000000000000.0,0
527907460,24,1700000000000000.0,0
527907460,25,1800000000000000.0,0
527907460,26,1899999877929687.5,0
527907460,27,1999999877929687.5,3
527907460,28,1999999877929687.5,3
527907460,29,1899999877929687.5,3
527907460,30,1800000000000000.0,2
527907460,31,1700000000000000.0,0
527907460,32,1750000000000000.0,0
527907460,33,1770000000000000.0,0
527907460,34,1790000000000000.0,0
527907460,35,1810000000000000.0,0
527907460,36,1830000000000000.0,0
527907460,37,1850000000000000.0,0
527907460,38,1899999877929687.5,0
527907460,39,1999999877929687.5,0
527907460,40,2100000000000000.0,3
527907460,41,2050000000000000.0,3
527907460,42,2029999877929687.5,2
527907460,43,2009999877929687.5,2
527907460,44,1989999877929687.5,0
527907460,45,1999999877929687.5,2
527907460,46,1999999877929687.5,2
527907460,47,1999999877929687.5,2
527907460,48,1999999877929687.5,2
527907460,49,1999999877929687.5,0
527907460,50,1999999877929687.5,0
527907460,51,160000000000000.0,0
527907460,52,140000000000000.0,0
527907460,53,120000000000000.0,0
527907460,54,100000000000000.0,0
527907460,55,80000000000000.0,0
527907460,56,60000000000000.0,0
527907460,57,50000000000000.0,0
527907460,58,50000000000000.0,0
527907460,59,50000000000000.0,0
527907460,60,70000000000000.0,0
527907460,62,110000000000000.0,0
527907460,63,130000000000000.0,0
527907460,64,150000000000000.0,2
527907460,65,170000000000000.0,2
527907460,66,190000000000000.0,2
527907460,67,210000000000000.0,4
527907460,68,230000000000000.0,4
527907460,69,249999984741210.94,5
527907460,70,270000000000000.0,6
527907460,71,290000000000000.0,7
527907460,72,140000000000000.0,1
527907460,73,130000000000000.0,0
527907460,74,140000000000000.0,1
527907460,76,140000000000000.0,0
527907460,77,140000000000000.0,1
527907460,78,324375000000000.0,0
527907460,79,330000000000000.0,0
527907460,81,330000000000000.0,0
527907460,84,50000000000000.0,0
571426284,6,800000000000000.0,0
571426284,7,800000000000000.0,0
571426284,8,800000000000000.0,0
571426284,9,300000000000000.0,0
571426284,10,600000000000000.0,0
571426284,11,900000000000000.0,0
571426284,12,1200000000000000.0,1
571426284,13,999999938964843.8,0
571426284,14,1100000000000000.0,0
571426284,15,1150000000000000.0,1
571426284,16,1130000000000000.0,1
571426284,17,1110000000000000.0,0
571426284,18,1120000000000000.0,0
571426284,19,1130000000000000.0,0
571426284,20,1140000000000000.0,0
571426284,21,1150000000000000.0,0
571426284,22,1160000000000000.0,0
571426284,23,1170000000000000.0,0
571426284,24,1180000000000000.0,0
571426284,25,1190000000000000.0,1
571426284,26,1190000000000000.0,0
571426284,27,1190000000000000.0,0
571426284,28,1200000000000000.0,0
571426284,29,1210000000000000.0,0
571426284,30,1220000000000000.0,0
571426284,31,1230000000000000.0,0
571426284,32,1240000000000000.0,1
571426284,33,1240000000000000.0,1
571426284,34,1240000000000000.0,1
571426284,35,1240000000000000.0,1
571426284,36,1240000000000000.0,0
571426284,37,270000000000000.0,0
571426284,38,230000000000000.0,0
571426284,39,190000000000000.0,0
571426284,40,150000000000000.0,0
571426284,41,110000000000000.0,0
571426284,42,70000000000000.0,0
571426284,43,50000000000000.0,0
571426284,44,59999996185302.734,0
571426284,45,100000000000000.0,0
571426284,46,140000000000000.0,0
571426284,47,180000000000000.0,4
571426284,48,220000000000000.0,9
571426284,49,260000000000000.0,14
571426284,50,300000000000000.0,17
571426284,51,340000000000000.0,20
571426284,52,380000000000000.0,23
571426284,53,420000000000000.0,25
571426284,54,460000000000000.0,28
571426284,55,180000000000000.0,1
571426284,56,180000000000000.0,1
571426284,57,180000000000000.0,1
571426284,58,180000000000000.0,1
571426284,59,220000000000000.0,8
571426284,60,220000000000000.0,8
571426284,61,220000000000000.0,8
571426284,62,220000000000000.0,7
571426284,63,260000000000000.0,12
571426284,64,260000000000000.0,12
571426284,65,417249969482421.9,0
571426284,66,424375000000000.0,0
571426284,67,417249969482421.9,0
571426284,68,424375000000000.0,0
571426284,70,400000000000000.0,0
571426284,71,400000000000000.0,0
571426284,72,400000000000000.0,0
571426284,73,400000000000000.0,0
571426284,74,400000000000000.0,0
571426284,75,400000000000000.0,0
571426284,76,400000000000000.0,0
571426284,77,400000000000000.0,0
571426284,78,400000000000000.0,0
571426284,79,400000000000000.0,0
571426284,82,50000000000000.0,0
517693519,4,800000000000000.0,0
517693519,5,800000000000000.0,0
517693519,6,800000000000000.0,0
517693519,7,100000000000000.0,0
517693519,8,200000000000000.0,0
517693519,9,300000000000000.0,0
517693519,10,400000000000000.0,0
517693519,11,499999969482421.9,0
517693519,12,600000000000000.0,0
517693519,13,700000000000000.0,0
517693519,14,800000000000000.0,0
517693519,15,900000000000000.0,0
517693519,16,999999938964843.8,0
517693519,17,1100000000000000.0,0
517693519,18,1200000000000000.0,0
517693519,19,1300000000000000.0,0
517693519,20,1400000000000000.0,0
517693519,21,1500000000000000.0,0
517693519,22,1600000000000000.0,0
517693519,23,1700000000000000.0,0
517693519,24,1800000000000000.0,0
517693519,25,1899999877929687.5,0
517693519,26,1999999877929687.5,0
517693519,27,2100000000000000.0,0
517693519,28,2200000000000000.0,0
517693519,29,2300000000000000.0,0
517693519,30,2400000000000000.0,0
517693519,31,2550000000000000.0,1
517693519,32,2550000000000000.0,1
517693519,33,2550000000000000.0,1
517693519,34,2550000000000000.0,1
517693519,35,2550000000000000.0,1
517693519,36,160000000000000.0,0
517693519,37,140000000000000.0,0
517693519,38,120000000000000.0,0
517693519,39,100000000000000.0,0
517693519,40,80000000000000.0,0
517693519,41,60000000000000.0,0
517693519,42,50000000000000.0,0
517693519,43,50000000000000.0,0
517693519,44,50000000000000.0,0
517693519,45,70000000000000.0,0
517693519,46,90000000000000.0,0
517693519,47,110000000000000.0,0
517693519,48,130000000000000.0,0
517693519,49,150000000000000.0,0
517693519,50,170000000000000.0,0
517693519,51,190000000000000.0,0
517693519,52,210000000000000.0,0
517693519,53,230000000000000.0,0
517693519,54,249999984741210.94,0
517693519,55,270000000000000.0,0
517693519,56,290000000000000.0,0
517693519,57,310000000000000.0,0
517693519,58,330000000000000.0,0
517693519,59,350000000000000.0,0
517693519,60,370000000000000.0,0
517693519,61,390000000000000.0,0
517693519,62,410000000000000.0,0
517693519,63,430000000000000.0,0
517693519,64,450000000000000.0,0
517693519,65,469999969482421.9,1
517693519,66,489999969482421.9,1
517693519,67,509999969482421.9,1
517693519,68,530000000000000.0,2
517693519,69,550000000000000.0,2
517693519,70,570000000000000.0,2
517693519,71,590000000000000.0,2
517693519,72,610000000000000.0,2
517693519,73,550000000000000.0,1
517693519,74,550000000000000.0,1
517693519,75,550000000000000.0,1
517693519,76,550000000000000.0,1
517693519,77,1274875000000000.0,0
517693519,78,1296750000000000.0,0
517693519,79,1274875000000000.0,0
517693519,80,1296750000000000.0,0
517693519,81,1274875000000000.0,0
517693519,82,1296750000000000.0,0
517693519,83,1274875000000000.0,0
517693519,84,1296750000000000.0,0
517693519,86,400000000000000.0,0
517693519,87,400000000000000.0,0
517693519,89,50000000000000.0,0
561435279,7,800000000000000.0,0
561435279,8,800000000000000.0,0
561435279,9,800000000000000.0,0
561435279,10,100000000000000.0,0
561435279,11,200000000000000.0,0
561435279,12,300000000000000.0,1
561435279,13,249999984741210.94,0
561435279,14,270000000000000.0,0
561435279,15,280000000000000.0,0
561435279,16,290000000000000.0,0
561435279,17,300000000000000.0,0
561435279,18,310000000000000.0,1
561435279,19,310000000000000.0,1
561435279,20,310000000000000.0,1
561435279,21,310000000000000.0,0
561435279,22,310000000000000.0,1
561435279,23,160000000000000.0,0
561435279,24,140000000000000.0,0
561435279,25,120000000000000.0,0
561435279,27,80000000000000.0,0
561435279,28,60000000000000.0,0
561435279,29,50000000000000.0,0
561435279,30,50000000000000.0,0
561435279,32,70000000000000.0,10
561435279,33,90000000000000.0,14
561435279,34,110000000000000.0,19
561435279,35,130000000000000.0,22
561435279,36,150000000000000.0,26
561435279,37,170000000000000.0,29
561435279,38,190000000000000.0,32
561435279,44,115875000000000.0,0
561435279,45,117875000000000.0,0
561435279,46,115875000000000.0,0
561435279,47,117875000000000.0,0
561435279,49,117875000000000.0,0
561435279,50,115875000000000.0,0
561435279,51,117875000000000.0,0
561435279,53,400000000000000.0,0
561435279,54,400000000000000.0,0
561435279,58,50000000000000.0,0
517673954,4,800000000000000.0,0
517673954,5,800000000000000.0,0
517673954,6,800000000000000.0,0
517673954,7,100000000000000.0,0
517673954,8,200000000000000.0,0
517673954,9,300000000000000.0,0
517673954,10,400000000000000.0,0
517673954,11,499999969482421.9,0
517673954,12,600000000000000.0,0
517673954,13,700000000000000.0,0
517673954,14,800000000000000.0,0
517673954,15,900000000000000.0,0
517673954,16,999999938964843.8,0
517673954,17,1100000000000000.0,0
517673954,18,1200000000000000.0,0
517673954,19,1300000000000000.0,0
517673954,20,1400000000000000.0,0
517673954,21,1500000000000000.0,0
517673954,22,1600000000000000.0,1
517673954,23,1600000000000000.0,0
517673954,24,1650000000000000.0,1
517673954,25,1650000000000000.0,1
517673954,26,1650000000000000.0,1
517673954,27,1650000000000000.0,1
517673954,28,1650000000000000.0,1
517673954,29,160000000000000.0,0
517673954,30,140000000000000.0,0
517673954,31,120000000000000.0,0
517673954,32,100000000000000.0,0
517673954,33,80000000000000.0,0
517673954,34,60000000000000.0,0
517673954,35,50000000000000.0,0
517673954,36,50000000000000.0,0
517673954,37,50000000000000.0,0
517673954,38,70000000000000.0,0
517673954,39,90000000000000.0,0
517673954,40,110000000000000.0,0
517673954,41,130000000000000.0,0
517673954,42,150000000000000.0,0
517673954,43,170000000000000.0,1
517673954,44,190000000000000.0,1
517673954,45,210000000000000.0,1
517673954,46,230000000000000.0,2
517673954,47,249999984741210.94,3
517673954,48,270000000000000.0,4
517673954,49,290000000000000.0,4
517673954,50,310000000000000.0,6
517673954,51,200000000000000.0,1
517673954,52,200000000000000.0,1
517673954,53,200000000000000.0,1
517673954,54,200000000000000.0,1
517673954,55,463625000000000.0,0
517673954,56,471500000000000.0,0
517673954,57,463625000000000.0,0
517673954,58,471500000000000.0,0
517673954,59,463625000000000.0,0
517673954,60,471500000000000.0,0
517673954,64,400000000000000.0,0
517673954,65,400000000000000.0,0
517673954,66,200000000000000.0,1
517673954,67,200000000000000.0,1
517673954,68,200000000000000.0,1
517673954,69,200000000000000.0,1
517673954,70,239999984741210.94,1
517673954,71,239999984741210.94,1
517673954,72,239999984741210.94,1
517673954,73,239999984741210.94,1
517673954,74,280000000000000.0,1
517673954,75,280000000000000.0,1
517673954,76,280000000000000.0,1
517673954,77,280000000000000.0,1
517673954,78,1899999877929687.5,0
517673954,79,1899999877929687.5,0
517673954,80,1899999877929687.5,0
517673954,81,1899999877929687.5,0
517673954,82,1899999877929687.5,0
517673954,83,1899999877929687.5,0
517673954,84,1899999877929687.5,0
517673954,85,1899999877929687.5,0
517673954,86,1899999877929687.5,0
517673954,87,1899999877929687.5,0
517673954,88,1899999877929687.5,0
517673954,89,1899999877929687.5,0
517673954,90,1899999877929687.5,0
517673954,91,1899999877929687.5,0
517673954,92,1899999877929687.5,0
517673954,93,1899999877929687.5,0
517673954,94,1899999877929687.5,0
517673954,95,1899999877929687.5,0
517673954,96,1899999877929687.5,0
517673954,97,1899999877929687.5,0
517673954,98,1899999877929687.5,0
517673954,101,50000000000000.0,0
571464200,8,800000000000000.0,0
571464200,9,100000000000000.0,0
571464200,11,300000000000000.0,0
571464200,13,499999969482421.9,0
571464200,15,550000000000000.0,1
571464200,18,499999969482421.9,0
571464200,19,509999969482421.9,1
571464200,20,509999969482421.9,0
571464200,21,509999969482421.9,0
571464200,22,509999969482421.9,0
571464200,23,530000000000000.0,1
571464200,24,520000000000000.0,0
571464200,26,530000000000000.0,0
571464200,29,540000000000000.0,0
571464200,31,550000000000000.0,1
571464200,32,550000000000000.0,1
571464200,33,550000000000000.0,1
571464200,34,550000000000000.0,0
571464200,35,550000000000000.0,1
571464200,43,50000000000000.0,0
571464200,45,70000000000000.0,9
571464200,46,90000000000000.0,13
571464200,48,130000000000000.0,21
571464200,49,150000000000000.0,25
571464200,50,170000000000000.0,28
571464200,51,190000000000000.0,32
571464200,54,140000000000000.0,0
571464200,55,120000000000000.0,0
571464200,60,50000000000000.0,0
571464200,63,50000000000000.0,3
571464200,64,50000000000000.0,2
571464200,70,130000000000000.0,22
571464200,71,130000000000000.0,21
571464200,75,115875000000000.0,0
571464200,81,400000000000000.0,0
571464200,84,400000000000000.0,0
571464200,91,50000000000000.0,0
528643271,4,800000000000000.0,0
528643271,5,800000000000000.0,0
528643271,6,800000000000000.0,0
528643271,7,100000000000000.0,0
528643271,8,200000000000000.0,0
528643271,9,300000000000000.0,0
528643271,10,400000000000000.0,0
528643271,11,499999969482421.9,0
528643271,12,600000000000000.0,0
528643271,13,700000000000000.0,0
528643271,14,800000000000000.0,0
528643271,15,900000000000000.0,0
528643271,16,999999938964843.8,0
528643271,17,1100000000000000.0,0
528643271,18,1200000000000000.0,0
528643271,19,1300000000000000.0,1
528643271,20,1250000000000000.0,0
528643271,21,1270000000000000.0,0
528643271,22,1290000000000000.0,1
528643271,23,1280000000000000.0,0
528643271,24,1290000000000000.0,1
528643271,25,1290000000000000.0,1
528643271,26,1290000000000000.0,0
528643271,27,1290000000000000.0,0
528643271,28,1300000000000000.0,0
528643271,29,1310000000000000.0,1
528643271,30,1310000000000000.0,0
528643271,31,1310000000000000.0,1
528643271,32,1310000000000000.0,0
528643271,34,1330000000000000.0,1
528643271,35,1330000000000000.0,0
528643271,36,1350000000000000.0,0
528643271,37,1370000000000000.0,0
528643271,38,1390000000000000.0,1
528643271,39,1390000000000000.0,0
528643271,40,1410000000000000.0,1
528643271,41,1410000000000000.0,1
528643271,42,1410000000000000.0,0
528643271,43,1410000000000000.0,1
528643271,44,1410000000000000.0,0
528643271,45,1410000000000000.0,0
528643271,46,1430000000000000.0,0
528643271,47,1500000000000000.0,1
528643271,48,1500000000000000.0,1
528643271,49,1500000000000000.0,1
528643271,50,1500000000000000.0,1
528643271,51,1500000000000000.0,1
528643271,52,160000000000000.0,0
528643271,53,140000000000000.0,0
528643271,54,120000000000000.0,0
528643271,55,100000000000000.0,0
528643271,56,80000000000000.0,0
528643271,57,60000000000000.0,0
528643271,58,50000000000000.0,0
528643271,59,50000000000000.0,0
528643271,60,50000000000000.0,0
528643271,61,70000000000000.0,0
528643271,62,90000000000000.0,0
528643271,63,110000000000000.0,0
528643271,64,130000000000000.0,0
528643271,65,150000000000000.0,0
528643271,66,170000000000000.0,0
528643271,67,190000000000000.0,0
528643271,68,210000000000000.0,0
528643271,69,230000000000000.0,0
528643271,70,249999984741210.94,0
528643271,71,270000000000000.0,0
528643271,72,290000000000000.0,0
528643271,73,310000000000000.0,1
528643271,74,330000000000000.0,1
528643271,75,350000000000000.0,1
528643271,76,370000000000000.0,1
528643271,77,390000000000000.0,1
528643271,78,410000000000000.0,1
528643271,79,430000000000000.0,1
528643271,80,450000000000000.0,1
528643271,85,340000000000000.0,1
528643271,87,350000000000000.0,1
528643271,89,360000000000000.0,1
528643271,90,360000000000000.0,1
528643271,91,360000000000000.0,1
528643271,92,360000000000000.0,1
528643271,93,834375000000000.0,0
528643271,94,848750000000000.0,0
528643271,100,848750000000000.0,0
528643271,102,400000000000000.0,0
528643271,103,400000000000000.0,0
528643271,106,50000000000000.0,0
571624971,6,800000000000000.0,0
571624971,7,800000000000000.0,0
571624971,8,800000000000000.0,0
571624971,9,300000000000000.0,0
571624971,10,600000000000000.0,0
571624971,11,900000000000000.0,0
571624971,12,1200000000000000.0,0
571624971,13,1500000000000000.0,0
571624971,14,1800000000000000.0,0
571624971,15,2100000000000000.0,0
571624971,16,2400000000000000.0,1
571624971,17,2350000000000000.0,1
571624971,18,2300000000000000.0,1
571624971,19,2250000000000000.0,1
571624971,20,2200000000000000.0,1
571624971,21,2150000000000000.0,0
571624971,22,2170000000000000.0,0
571624971,23,2170000000000000.0,0
571624971,24,2190000000000000.0,0
571624971,25,2200000000000000.0,0
571624971,26,2230000000000000.0,0
571624971,27,2260000000000000.0,0
571624971,28,2300000000000000.0,0
571624971,29,2330000000000000.0,0
571624971,30,2360000000000000.0,0
571624971,31,2390000000000000.0,0
571624971,32,2420000000000000.0,0
571624971,33,2450000000000000.0,1
571624971,34,2450000000000000.0,0
571624971,35,2450000000000000.0,0
571624971,36,2480000000000000.0,0
571624971,37,2510000000000000.0,0
571624971,38,2540000000000000.0,0
571624971,39,2570000000000000.0,1
571624971,40,2570000000000000.0,1
571624971,41,2570000000000000.0,0
571624971,42,2570000000000000.0,0
571624971,43,2600000000000000.0,1
571624971,44,2600000000000000.0,1
571624971,45,2600000000000000.0,0
571624971,46,2600000000000000.0,0
571624971,47,2600000000000000.0,0
571624971,48,2630000000000000.0,0
571624971,49,2670000000000000.0,0
571624971,50,2700000000000000.0,1
571624971,51,2700000000000000.0,1
571624971,53,270000000000000.0,0
571624971,54,230000000000000.0,0
571624971,57,110000000000000.0,0
571624971,58,70000000000000.0,0
571624971,59,50000000000000.0,0
571624971,60,59999996185302.734,0
571624971,61,100000000000000.0,0
571624971,62,140000000000000.0,0
571624971,63,180000000000000.0,0
571624971,64,220000000000000.0,1
571624971,65,260000000000000.0,2
571624971,66,300000000000000.0,2
571624971,67,340000000000000.0,3
571624971,68,380000000000000.0,8
571624971,69,420000000000000.0,11
571624971,70,460000000000000.0,13
571624971,71,499999969482421.9,15
571624971,72,210000000000000.0,0
571624971,73,220000000000000.0,1
571624971,74,220000000000000.0,1
571624971,75,220000000000000.0,1
571624971,76,220000000000000.0,1
571624971,77,220000000000000.0,1
571624971,78,220000000000000.0,1
571624971,80,260000000000000.0,1
571624971,81,300000000000000.0,2
571624971,82,300000000000000.0,2
571624971,83,509874969482421.9,0
571624971,84,518625000000000.0,0
571624971,86,509874969482421.9,0
571624971,88,400000000000000.0,0
571624971,89,400000000000000.0,0
571624971,90,400000000000000.0,0
571624971,91,400000000000000.0,0
571624971,92,400000000000000.0,0
571624971,93,400000000000000.0,0
571624971,94,400000000000000.0,0
571624971,95,400000000000000.0,0
571624971,96,400000000000000.0,0
571624971,97,400000000000000.0,0
571624971,101,50000000000000.0,0
530022494,4,800000000000000.0,0
530022494,5,800000000000000.0,0
530022494,6,800000000000000.0,0
530022494,7,100000000000000.0,0
530022494,8,200000000000000.0,0
530022494,9,300000000000000.0,0
530022494,10,400000000000000.0,0
530022494,11,499999969482421.9,0
530022494,12,600000000000000.0,0
530022494,13,700000000000000.0,0
530022494,14,800000000000000.0,0
530022494,15,900000000000000.0,0
530022494,16,999999938964843.8,1
530022494,17,1949999877929687.5,1
530022494,18,949999938964843.8,0
530022494,19,969999938964843.8,0
530022494,20,989999938964843.8,0
530022494,21,999999938964843.8,0
530022494,22,1009999938964843.8,0
530022494,23,1030000000000000.0,1
530022494,24,1019999938964843.8,0
530022494,25,1030000000000000.0,0
530022494,26,1040000000000000.0,0
530022494,27,1050000000000000.0,1
530022494,28,1050000000000000.0,0
530022494,29,1050000000000000.0,1
530022494,30,1050000000000000.0,0
530022494,31,1060000000000000.0,1
530022494,32,1060000000000000.0,1
530022494,33,1060000000000000.0,0
530022494,34,1060000000000000.0,1
530022494,35,1060000000000000.0,0
530022494,37,140000000000000.0,0
530022494,38,120000000000000.0,0
530022494,39,100000000000000.0,0
530022494,40,80000000000000.0,0
530022494,41,60000000000000.0,0
530022494,42,50000000000000.0,0
530022494,43,50000000000000.0,0
530022494,44,50000000000000.0,0
530022494,45,70000000000000.0,1
530022494,46,90000000000000.0,3
530022494,47,110000000000000.0,6
530022494,48,130000000000000.0,9
530022494,49,150000000000000.0,11
530022494,51,190000000000000.0,17
530022494,52,210000000000000.0,19
530022494,53,100000000000000.0,4
530022494,54,50000000000000.0,0
530022494,55,70000000000000.0,0
530022494,56,80000000000000.0,1
530022494,57,80000000000000.0,0
530022494,58,80000000000000.0,1
530022494,59,80000000000000.0,0
530022494,60,90000000000000.0,1
530022494,61,90000000000000.0,1
530022494,62,90000000000000.0,1
530022494,63,90000000000000.0,1
530022494,68,208624984741210.94,0
530022494,69,212250000000000.0,0
530022494,70,208624984741210.94,0
530022494,71,212250000000000.0,0
530022494,73,400000000000000.0,0
530022494,74,400000000000000.0,0
530022494,77,50000000000000.0,0
571721440,5,800000000000000.0,0
571721440,6,800000000000000.0,0
571721440,7,300000000000000.0,0
571721440,8,600000000000000.0,0
571721440,9,900000000000000.0,3
571721440,10,850000000000000.0,0
571721440,11,870000000000000.0,0
571721440,12,890000000000000.0,0
571721440,13,900000000000000.0,0
571721440,14,920000000000000.0,3
571721440,15,920000000000000.0,3
571721440,16,920000000000000.0,3
571721440,17,920000000000000.0,3
571721440,18,920000000000000.0,3
571721440,19,270000000000000.0,0
571721440,20,230000000000000.0,0
571721440,21,190000000000000.0,0
571721440,22,150000000000000.0,0
571721440,23,110000000000000.0,0
571721440,24,70000000000000.0,0
571721440,25,50000000000000.0,0
571721440,26,59999996185302.734,0
571721440,27,100000000000000.0,3
571721440,28,140000000000000.0,7
571721440,29,180000000000000.0,13
571721440,30,220000000000000.0,18
571721440,31,260000000000000.0,23
571721440,32,300000000000000.0,28
571721440,33,340000000000000.0,31
571721440,34,380000000000000.0,35
571721440,35,100000000000000.0,3
571721440,36,100000000000000.0,3
571721440,37,100000000000000.0,3
571721440,38,100000000000000.0,3
571721440,39,140000000000000.0,6
571721440,40,140000000000000.0,6
571721440,41,140000000000000.0,6
571721440,42,140000000000000.0,7
571721440,43,180000000000000.0,11
571721440,44,180000000000000.0,11
571721440,45,180000000000000.0,11
571721440,46,180000000000000.0,11
571721440,48,235750000000000.0,0
571721440,49,231750000000000.0,0
571721440,52,400000000000000.0,0
571721440,53,400000000000000.0,0
571721440,54,400000000000000.0,0
571721440,55,400000000000000.0,0
571721440,56,400000000000000.0,0
571721440,57,400000000000000.0,0
571721440,58,400000000000000.0,0
571721440,59,400000000000000.0,0
571721440,60,400000000000000.0,0
571721440,61,400000000000000.0,0
571721440,64,50000000000000.0,0
558181151,4,800000000000000.0,0
558181151,5,800000000000000.0,0
558181151,6,800000000000000.0,0
558181151,7,100000000000000.0,0
558181151,8,200000000000000.0,0
558181151,9,300000000000000.0,0
558181151,10,400000000000000.0,1
558181151,11,499999969482421.9,1
558181151,12,600000000000000.0,1
558181151,13,700000000000000.0,1
558181151,14,400000000000000.0,1
558181151,15,400000000000000.0,1
558181151,16,400000000000000.0,1
558181151,17,400000000000000.0,1
558181151,18,400000000000000.0,1
558181151,20,130000000000000.0,0
558181151,21,110000000000000.0,0
558181151,22,90000000000000.0,0
558181151,23,70000000000000.0,0
558181151,24,50000000000000.0,0
558181151,25,40000000000000.0,0
558181151,26,40000000000000.0,0
558181151,27,50000000000000.0,5
558181151,28,70000000000000.0,14
558181151,29,90000000000000.0,23
558181151,30,110000000000000.0,32
558181151,31,130000000000000.0,41
558181151,32,150000000000000.0,48
558181151,33,170000000000000.0,56
558181151,34,190000000000000.0,62
558181151,35,210000000000000.0,68
558181151,36,50000000000000.0,8
558181151,37,40000000000000.0,2
558181151,38,40000000000000.0,3
558181151,39,40000000000000.0,3
558181151,41,92500000000000.0,0
558181151,42,94375000000000.0,0
558181151,43,92500000000000.0,0
558181151,44,94375000000000.0,0
558181151,45,92500000000000.0,0
558181151,46,94375000000000.0,0
558181151,47,92500000000000.0,0
558181151,48,94375000000000.0,0
558181151,49,400000000000000.0,0
558181151,52,40000000000000.0,8
558181151,53,40000000000000.0,3
558181151,54,40000000000000.0,4
558181151,55,40000000000000.0,5
558181151,56,40000000000000.0,4
558181151,57,70000000000000.0,24
558181151,58,70000000000000.0,23
558181151,59,70000000000000.0,23
558181151,60,70000000000000.0,22
558181151,61,110000000000000.0,40
558181151,62,110000000000000.0,39
558181151,63,110000000000000.0,40
558181151,64,110000000000000.0,39
558181151,67,40000000000000.0,0
529845713,4,800000000000000.0,0
529845713,5,800000000000000.0,0
529845713,6,800000000000000.0,0
529845713,7,100000000000000.0,0
529845713,8,200000000000000.0,0
529845713,9,300000000000000.0,0
529845713,10,400000000000000.0,0
529845713,11,499999969482421.9,0
529845713,12,600000000000000.0,0
529845713,13,700000000000000.0,0
529845713,14,800000000000000.0,0
529845713,15,900000000000000.0,0
529845713,16,999999938964843.8,0
529845713,17,1100000000000000.0,1
529845713,18,999999938964843.8,0
529845713,19,1050000000000000.0,1
529845713,20,1030000000000000.0,1
529845713,21,1009999938964843.8,0
529845713,23,1030000000000000.0,0
529845713,24,1040000000000000.0,0
529845713,25,1050000000000000.0,0
529845713,27,1070000000000000.0,0
529845713,29,1090000000000000.0,1
529845713,31,1100000000000000.0,1
529845713,33,1110000000000000.0,1
529845713,34,1110000000000000.0,1
529845713,35,1110000000000000.0,1
529845713,38,160000000000000.0,0
529845713,39,140000000000000.0,0
529845713,40,120000000000000.0,0
529845713,41,100000000000000.0,0
529845713,44,50000000000000.0,0
529845713,45,50000000000000.0,0
529845713,46,50000000000000.0,0
529845713,47,70000000000000.0,0
529845713,49,110000000000000.0,0
529845713,50,130000000000000.0,0
529845713,51,150000000000000.0,0
529845713,52,170000000000000.0,0
529845713,53,190000000000000.0,0
529845713,54,210000000000000.0,1
529845713,55,230000000000000.0,5
529845713,56,249999984741210.94,5
529845713,57,270000000000000.0,7
529845713,58,290000000000000.0,8
529845713,59,310000000000000.0,9
529845713,60,330000000000000.0,11
529845713,61,350000000000000.0,12
529845713,63,210000000000000.0,1
529845713,64,210000000000000.0,1
529845713,65,210000000000000.0,1
529845713,68,495125000000000.0,0
529845713,69,486749969482421.9,0
529845713,70,495125000000000.0,0
529845713,71,486749969482421.9,0
529845713,72,495125000000000.0,0
529845713,73,486749969482421.9,0
529845713,74,495125000000000.0,0
529845713,76,400000000000000.0,0
529845713,77,400000000000000.0,0
529845713,80,50000000000000.0,0
571429412,6,800000000000000.0,0
571429412,7,800000000000000.0,0
571429412,8,800000000000000.0,0
571429412,9,100000000000000.0,0
571429412,10,200000000000000.0,0
571429412,11,300000000000000.0,0
571429412,12,400000000000000.0,0
571429412,13,499999969482421.9,0
571429412,14,600000000000000.0,0
571429412,15,700000000000000.0,0
571429412,16,800000000000000.0,0
571429412,17,900000000000000.0,0
571429412,18,999999938964843.8,0
571429412,19,1100000000000000.0,0
571429412,20,1200000000000000.0,0
571429412,21,1300000000000000.0,2
571429412,22,1250000000000000.0,0
571429412,23,1270000000000000.0,0
571429412,24,1280000000000000.0,0
571429412,25,1290000000000000.0,0
571429412,26,1300000000000000.0,0
571429412,27,1310000000000000.0,0
571429412,29,1320000000000000.0,2
571429412,30,1320000000000000.0,2
571429412,31,1320000000000000.0,2
571429412,32,1320000000000000.0,0
571429412,33,1320000000000000.0,0
571429412,34,1330000000000000.0,0
571429412,35,1330000000000000.0,0
571429412,36,1340000000000000.0,0
571429412,37,1350000000000000.0,0
571429412,39,1370000000000000.0,0
571429412,40,1380000000000000.0,0
571429412,41,1390000000000000.0,0
571429412,42,1400000000000000.0,0
571429412,43,1410000000000000.0,0
571429412,44,1420000000000000.0,0
571429412,45,1430000000000000.0,2
571429412,46,1430000000000000.0,2
571429412,47,1430000000000000.0,2
571429412,49,1430000000000000.0,2
571429412,50,160000000000000.0,0
571429412,51,140000000000000.0,0
571429412,52,120000000000000.0,0
571429412,54,80000000000000.0,0
571429412,55,60000000000000.0,0
571429412,56,50000000000000.0,0
571429412,57,50000000000000.0,0
571429412,58,50000000000000.0,0
571429412,59,70000000000000.0,0
571429412,60,90000000000000.0,0
571429412,61,110000000000000.0,0
571429412,62,130000000000000.0,1
571429412,63,150000000000000.0,2
571429412,64,170000000000000.0,2
571429412,65,190000000000000.0,2
571429412,66,210000000000000.0,4
571429412,67,230000000000000.0,7
571429412,68,249999984741210.94,9
571429412,69,270000000000000.0,10
571429412,70,119999992370605.47,0
571429412,71,130000000000000.0,0
571429412,72,140000000000000.0,2
571429412,73,140000000000000.0,2
571429412,74,140000000000000.0,2
571429412,75,140000000000000.0,2
571429412,76,180000000000000.0,2
571429412,77,180000000000000.0,2
571429412,78,180000000000000.0,2
571429412,79,180000000000000.0,2
571429412,80,220000000000000.0,4
571429412,81,220000000000000.0,4
571429412,82,324500000000000.0,0
571429412,83,330125000000000.0,0
571429412,84,324500000000000.0,0
571429412,85,330125000000000.0,0
571429412,87,400000000000000.0,0
571429412,88,400000000000000.0,0
571429412,89,400000000000000.0,0
571429412,90,400000000000000.0,0
571429412,91,400000000000000.0,0
571429412,92,400000000000000.0,0
571429412,93,400000000000000.0,0
571429412,94,400000000000000.0,0
571429412,95,400000000000000.0,0
571429412,96,400000000000000.0,0
571429412,99,50000000000000.0,0
527930921,4,800000000000000.0,0
527930921,5,800000000000000.0,0
527930921,6,800000000000000.0,0
527930921,7,100000000000000.0,0
527930921,8,200000000000000.0,0
527930921,9,300000000000000.0,0
527930921,10,400000000000000.0,0
527930921,11,499999969482421.9,0
527930921,12,600000000000000.0,0
527930921,14,800000000000000.0,0
527930921,15,900000000000000.0,0
527930921,16,999999938964843.8,0
527930921,17,1100000000000000.0,0
527930921,18,1200000000000000.0,0
527930921,21,1500000000000000.0,0
527930921,22,1600000000000000.0,0
527930921,23,1700000000000000.0,0
527930921,24,1800000000000000.0,0
527930921,26,1999999877929687.5,0
527930921,27,2100000000000000.0,0
527930921,28,2200000000000000.0,0
527930921,29,2300000000000000.0,0
527930921,31,2500000000000000.0,0
527930921,33,2700000000000000.0,0
527930921,34,2800000000000000.0,0
527930921,35,2900000000000000.0,0
527930921,36,3000000000000000.0,0
527930921,37,3100000000000000.0,0
527930921,38,3200000000000000.0,1
527930921,39,3200000000000000.0,1
527930921,41,3130000000000000.0,0
527930921,43,3150000000000000.0,0
527930921,44,3170000000000000.0,2
527930921,46,3190000000000000.0,0
527930921,47,3200000000000000.0,0
527930921,48,3230000000000000.0,0
527930921,49,3300000000000000.0,1
527930921,50,3300000000000000.0,1
527930921,53,3300000000000000.0,1
527930921,54,160000000000000.0,0
527930921,55,140000000000000.0,0
527930921,57,100000000000000.0,0
527930921,58,80000000000000.0,0
527930921,61,50000000000000.0,0
527930921,62,50000000000000.0,0
527930921,63,70000000000000.0,0
527930921,64,90000000000000.0,0
527930921,65,110000000000000.0,0
527930921,67,150000000000000.0,0
527930921,69,190000000000000.0,0
527930921,72,249999984741210.94,0
527930921,73,270000000000000.0,0
527930921,75,310000000000000.0,0
527930921,77,350000000000000.0,0
527930921,78,370000000000000.0,0
527930921,87,550000000000000.0,2
527930921,88,570000000000000.0,1
527930921,91,630000000000000.0,2
527930921,92,650000000000000.0,3
527930921,93,670000000000000.0,3
527930921,94,520000000000000.0,1
527930921,95,520000000000000.0,1
527930921,96,520000000000000.0,1
527930921,97,520000000000000.0,1
527930921,98,1205000000000000.0,0
527930921,99,1226250000000000.0,0
527930921,100,1205000000000000.0,0
527930921,105,1226250000000000.0,0
527930921,107,400000000000000.0,1
527930921,108,400000000000000.0,0
527930921,109,400000000000000.0,0
527930921,112,50000000000000.0,0
558159992,4,800000000000000.0,0
558159992,5,800000000000000.0,0
558159992,7,100000000000000.0,0
558159992,8,200000000000000.0,0
558159992,9,300000000000000.0,0
558159992,10,400000000000000.0,0
558159992,11,499999969482421.9,0
558159992,12,600000000000000.0,0
558159992,13,700000000000000.0,0
558159992,14,800000000000000.0,0
558159992,15,900000000000000.0,0
558159992,16,999999938964843.8,0
558159992,18,1200000000000000.0,0
558159992,19,1300000000000000.0,0
558159992,20,1400000000000000.0,0
558159992,21,1500000000000000.0,0
558159992,22,1600000000000000.0,0
558159992,23,1700000000000000.0,1
558159992,24,1700000000000000.0,0
558159992,25,1700000000000000.0,0
558159992,26,1700000000000000.0,0
558159992,27,1700000000000000.0,1
558159992,28,1700000000000000.0,0
558159992,29,160000000000000.0,0
558159992,30,140000000000000.0,0
558159992,31,120000000000000.0,0
558159992,32,100000000000000.0,0
558159992,33,80000000000000.0,0
558159992,36,50000000000000.0,0
558159992,37,50000000000000.0,0
558159992,38,70000000000000.0,0
558159992,39,90000000000000.0,0
558159992,40,110000000000000.0,0
558159992,41,130000000000000.0,0
558159992,42,150000000000000.0,0
558159992,43,170000000000000.0,0
558159992,44,190000000000000.0,0
558159992,45,210000000000000.0,0
558159992,46,230000000000000.0,0
558159992,47,249999984741210.94,1
558159992,48,270000000000000.0,5
558159992,49,290000000000000.0,8
558159992,50,310000000000000.0,10
558159992,51,330000000000000.0,12
558159992,52,350000000000000.0,12
558159992,53,370000000000000.0,14
558159992,54,390000000000000.0,15
558159992,55,249999984741210.94,5
558159992,56,249999984741210.94,3
558159992,57,249999984741210.94,3
558159992,58,249999984741210.94,3
558159992,59,579375000000000.0,0
558159992,60,589375000000000.0,0
558159992,61,579375000000000.0,0
558159992,62,589375000000000.0,0
558159992,63,579375000000000.0,0
558159992,64,589375000000000.0,0
558159992,67,400000000000000.0,0
558159992,68,400000000000000.0,0
558159992,72,50000000000000.0,0
545227537,4,800000000000000.0,0
545227537,5,800000000000000.0,0
545227537,6,800000000000000.0,0
545227537,7,100000000000000.0,0
545227537,8,200000000000000.0,0
545227537,9,300000000000000.0,0
545227537,10,400000000000000.0,0
545227537,11,499999969482421.9,0
545227537,12,600000000000000.0,0
545227537,13,700000000000000.0,0
545227537,14,800000000000000.0,0
545227537,15,900000000000000.0,0
545227537,16,999999938964843.8,1
545227537,17,900000000000000.0,0
545227537,18,949999938964843.8,0
545227537,19,999999938964843.8,1
545227537,20,999999938964843.8,1
545227537,21,999999938964843.8,1
545227537,22,999999938964843.8,1
545227537,23,999999938964843.8,1
545227537,24,160000000000000.0,0
545227537,25,140000000000000.0,0
545227537,26,120000000000000.0,0
545227537,27,100000000000000.0,0
545227537,28,80000000000000.0,0
545227537,29,60000000000000.0,0
545227537,30,50000000000000.0,0
545227537,31,50000000000000.0,0
545227537,32,50000000000000.0,0
545227537,33,70000000000000.0,0
545227537,34,90000000000000.0,0
545227537,35,110000000000000.0,0
545227537,36,130000000000000.0,0
545227537,37,150000000000000.0,0
545227537,38,170000000000000.0,0
545227537,39,190000000000000.0,1
545227537,40,210000000000000.0,1
545227537,41,230000000000000.0,1
545227537,42,249999984741210.94,2
545227537,43,270000000000000.0,2
545227537,44,290000000000000.0,4
545227537,45,310000000000000.0,7
545227537,46,330000000000000.0,10
545227537,47,180000000000000.0,0
545227537,52,220000000000000.0,1
545227537,53,220000000000000.0,1
545227537,54,220000000000000.0,1
545227537,55,220000000000000.0,1
545227537,56,260000000000000.0,1
545227537,57,260000000000000.0,1
545227537,58,280000000000000.0,2
545227537,61,509874969482421.9,0
545227537,62,518625000000000.0,0
545227537,64,518625000000000.0,0
545227537,65,509874969482421.9,0
545227537,66,518625000000000.0,0
545227537,67,509874969482421.9,0
545227537,68,518625000000000.0,0
545227537,69,400000000000000.0,0
545227537,70,400000000000000.0,0
545227537,75,50000000000000.0,0
505692551,4,850000000000000.0,0
505692551,5,850000000000000.0,0
505692551,6,850000000000000.0,0
505692551,7,150000000000000.0,0
505692551,8,250000000000000.0,0
505692551,9,350000000000000.0,0
505692551,10,450000000000000.0,0
505692551,11,550000000000000.0,0
505692551,12,650000000000000.0,0
505692551,13,750000000000000.0,1
505692551,14,700000000000000.0,0
505692551,15,720000000000000.0,0
505692551,16,740000000000000.0,0
505692551,17,750000000000000.0,1
505692551,18,750000000000000.0,1
505692551,19,750000000000000.0,1
505692551,20,750000000000000.0,1
505692551,21,750000000000000.0,1
505692551,23,90000000000000.0,0
505692551,24,70000000000000.0,0
505692551,25,50000000000000.0,0
505692551,26,50000000000000.0,0
505692551,27,50000000000000.0,0
505692551,28,60000000000000.0,0
505692551,29,80000000000000.0,0
505692551,30,100000000000000.0,0
505692551,31,120000000000000.0,0
505692551,32,140000000000000.0,2
505692551,33,160000000000000.0,6
505692551,34,180000000000000.0,9
505692551,35,200000000000000.0,11
505692551,36,220000000000000.0,13
505692551,37,240000000000000.0,16
505692551,38,260000000000000.0,17
505692551,39,280000000000000.0,19
505692551,40,130000000000000.0,0
505692551,41,140000000000000.0,0
505692551,42,160000000000000.0,1
505692551,43,150000000000000.0,0
505692551,44,160000000000000.0,2
505692551,45,160000000000000.0,2
505692551,46,305000000000000.0,0
505692551,48,305000000000000.0,0
505692551,49,309375000000000.0,0
505692551,54,50000000000000.0,0
567764060,5,800000000000000.0,1
567764060,6,800000000000000.0,2
567764060,7,800000000000000.0,2
567764060,8,100000000000000.0,0
567764060,9,200000000000000.0,0
567764060,10,300000000000000.0,1
567764060,11,249999984741210.94,0
567764060,12,270000000000000.0,1
567764060,13,270000000000000.0,1
567764060,14,270000000000000.0,1
567764060,15,270000000000000.0,1
567764060,16,270000000000000.0,1
567764060,17,160000000000000.0,0
567764060,18,140000000000000.0,0
567764060,19,120000000000000.0,0
567764060,20,100000000000000.0,0
567764060,21,80000000000000.0,0
567764060,22,60000000000000.0,0
567764060,24,50000000000000.0,2
567764060,25,50000000000000.0,16
567764060,26,70000000000000.0,26
567764060,32,50000000000000.0,2
567764060,34,50000000000000.0,0
567764060,37,70000000000000.0,24
567764060,42,69500000000000.0,0
567764060,43,70750000000000.0,0
567764060,46,400000000000000.0,0
567764060,51,400000000000000.0,0
567764060,58,50000000000000.0,0
537204107,6,800000000000000.0,0
537204107,7,800000000000000.0,0
537204107,8,800000000000000.0,0
537204107,9,100000000000000.0,0
537204107,12,400000000000000.0,0
537204107,13,499999969482421.9,0
537204107,14,600000000000000.0,0
537204107,15,700000000000000.0,0
537204107,16,800000000000000.0,0
537204107,17,900000000000000.0,0
537204107,18,999999938964843.8,0
537204107,19,1100000000000000.0,0
537204107,20,1200000000000000.0,0
537204107,21,1300000000000000.0,0
537204107,22,1400000000000000.0,1
537204107,23,1350000000000000.0,0
537204107,24,1370000000000000.0,0
537204107,25,1380000000000000.0,0
537204107,26,1390000000000000.0,0
537204107,27,1400000000000000.0,1
537204107,28,1400000000000000.0,0
537204107,29,1400000000000000.0,0
537204107,30,1410000000000000.0,0
537204107,32,1430000000000000.0,1
537204107,33,1430000000000000.0,1
537204107,35,1420000000000000.0,0
537204107,36,1430000000000000.0,0
537204107,37,1440000000000000.0,0
537204107,38,1450000000000000.0,0
537204107,39,1470000000000000.0,0
537204107,40,1500000000000000.0,0
537204107,41,1520000000000000.0,0
537204107,42,1550000000000000.0,1
537204107,43,1530000000000000.0,0
537204107,44,1540000000000000.0,0
537204107,45,1550000000000000.0,0
537204107,46,1560000000000000.0,0
537204107,47,1570000000000000.0,0
537204107,48,1580000000000000.0,0
537204107,49,1600000000000000.0,0
537204107,50,1620000000000000.0,0
537204107,51,1660000000000000.0,0
537204107,52,1720000000000000.0,1
537204107,53,1700000000000000.0,1
537204107,54,1680000000000000.0,0
537204107,55,1690000000000000.0,1
537204107,56,1690000000000000.0,1
537204107,57,1690000000000000.0,1
537204107,58,1690000000000000.0,1
537204107,59,1690000000000000.0,1
537204107,60,160000000000000.0,0
537204107,61,140000000000000.0,0
537204107,62,120000000000000.0,0
537204107,63,100000000000000.0,0
537204107,64,80000000000000.0,0
537204107,65,60000000000000.0,0
537204107,66,50000000000000.0,0
537204107,67,50000000000000.0,0
537204107,68,50000000000000.0,0
537204107,69,70000000000000.0,0
537204107,70,90000000000000.0,0
537204107,71,110000000000000.0,0
537204107,72,130000000000000.0,0
537204107,73,150000000000000.0,0
537204107,74,170000000000000.0,0
537204107,75,190000000000000.0,0
537204107,76,210000000000000.0,0
537204107,77,230000000000000.0,0
537204107,78,249999984741210.94,0
537204107,79,270000000000000.0,0
537204107,80,290000000000000.0,0
537204107,81,310000000000000.0,0
537204107,82,330000000000000.0,1
537204107,83,350000000000000.0,1
537204107,84,370000000000000.0,4
537204107,85,390000000000000.0,5
537204107,86,410000000000000.0,7
537204107,87,430000000000000.0,7
537204107,88,450000000000000.0,8
537204107,89,469999969482421.9,9
537204107,90,320000000000000.0,0
537204107,91,330000000000000.0,0
537204107,92,340000000000000.0,1
537204107,93,340000000000000.0,1
537204107,94,340000000000000.0,1
537204107,95,340000000000000.0,1
537204107,96,340000000000000.0,2
537204107,97,788125000000000.0,0
537204107,98,801625000000000.0,0
537204107,99,788125000000000.0,0
537204107,100,801625000000000.0,0
537204107,101,788125000000000.0,0
537204107,102,801625000000000.0,0
537204107,103,788125000000000.0,0
537204107,104,801625000000000.0,0
537204107,106,400000000000000.0,0
537204107,107,400000000000000.0,0
537204107,111,50000000000000.0,0
537204107,112,50000000000000.0,0
541540569,6,800000000000000.0,0
541540569,7,800000000000000.0,0
541540569,8,800000000000000.0,0
541540569,9,100000000000000.0,0
541540569,10,200000000000000.0,0
541540569,11,300000000000000.0,0
541540569,12,400000000000000.0,0
541540569,13,499999969482421.9,0
541540569,14,600000000000000.0,0
541540569,15,700000000000000.0,0
541540569,16,800000000000000.0,0
541540569,17,900000000000000.0,0
541540569,18,999999938964843.8,0
541540569,19,1100000000000000.0,0
541540569,20,1200000000000000.0,0
541540569,21,1300000000000000.0,0
541540569,22,1400000000000000.0,0
541540569,23,1500000000000000.0,0
541540569,24,1600000000000000.0,1
541540569,25,1550000000000000.0,1
541540569,26,1530000000000000.0,0
541540569,27,1540000000000000.0,0
541540569,28,1550000000000000.0,0
541540569,29,1560000000000000.0,1
541540569,30,1560000000000000.0,1
541540569,31,1560000000000000.0,1
541540569,32,1560000000000000.0,1
541540569,33,1560000000000000.0,1
541540569,34,1560000000000000.0,0
541540569,35,160000000000000.0,0
541540569,36,140000000000000.0,0
541540569,37,120000000000000.0,0
541540569,38,100000000000000.0,0
541540569,39,80000000000000.0,0
541540569,40,60000000000000.0,0
541540569,41,50000000000000.0,0
541540569,42,50000000000000.0,0
541540569,43,50000000000000.0,0
541540569,44,70000000000000.0,0
541540569,45,90000000000000.0,0
541540569,46,110000000000000.0,0
541540569,47,130000000000000.0,0
541540569,48,150000000000000.0,0
541540569,49,170000000000000.0,0
541540569,50,190000000000000.0,0
541540569,51,210000000000000.0,1
541540569,52,230000000000000.0,1
541540569,53,249999984741210.94,4
541540569,54,270000000000000.0,6
541540569,55,290000000000000.0,8
541540569,56,310000000000000.0,9
541540569,57,330000000000000.0,11
541540569,58,350000000000000.0,12
541540569,59,200000000000000.0,0
541540569,60,210000000000000.0,1
541540569,61,210000000000000.0,1
541540569,62,210000000000000.0,1
541540569,63,210000000000000.0,1
541540569,64,210000000000000.0,1
541540569,66,495125000000000.0,0
541540569,67,486749969482421.9,0
541540569,69,486749969482421.9,0
541540569,71,486749969482421.9,0
541540569,72,495125000000000.0,0
541540569,75,400000000000000.0,0
541540569,76,210000000000000.0,0
541540569,79,239999984741210.94,1
541540569,81,239999984741210.94,1
541540569,82,239999984741210.94,1
541540569,83,280000000000000.0,3
541540569,84,280000000000000.0,3
541540569,86,280000000000000.0,3
541540569,87,320000000000000.0,7
541540569,94,50000000000000.0,0
508305938,4,800000000000000.0,0
508305938,5,800000000000000.0,0
508305938,6,800000000000000.0,0
508305938,7,100000000000000.0,0
508305938,8,200000000000000.0,0
508305938,9,300000000000000.0,0
508305938,10,400000000000000.0,0
508305938,11,499999969482421.9,0
508305938,12,600000000000000.0,0
508305938,13,700000000000000.0,0
508305938,14,800000000000000.0,0
508305938,15,900000000000000.0,0
508305938,16,999999938964843.8,0
508305938,17,1100000000000000.0,0
508305938,18,1200000000000000.0,0
508305938,19,1300000000000000.0,0
508305938,20,1400000000000000.0,0
508305938,21,1500000000000000.0,0
508305938,22,1600000000000000.0,0
508305938,23,1700000000000000.0,0
508305938,24,1800000000000000.0,0
508305938,25,1899999877929687.5,0
508305938,26,1999999877929687.5,0
508305938,27,2100000000000000.0,0
508305938,28,2200000000000000.0,1
508305938,29,2150000000000000.0,1
508305938,30,2130000000000000.0,1
508305938,31,2110000000000000.0,1
508305938,32,2110000000000000.0,0
508305938,33,2110000000000000.0,0
508305938,34,2120000000000000.0,0
508305938,35,2140000000000000.0,0
508305938,36,2170000000000000.0,0
508305938,37,2200000000000000.0,1
508305938,38,2180000000000000.0,0
508305938,39,2190000000000000.0,1
508305938,40,2190000000000000.0,1
508305938,41,2190000000000000.0,1
508305938,42,2190000000000000.0,1
508305938,43,2190000000000000.0,1
508305938,44,160000000000000.0,0
508305938,45,140000000000000.0,0
508305938,46,120000000000000.0,0
508305938,47,100000000000000.0,0
508305938,48,80000000000000.0,0
508305938,49,60000000000000.0,0
508305938,50,50000000000000.0,0
508305938,51,50000000000000.0,0
508305938,52,50000000000000.0,0
508305938,53,70000000000000.0,0
508305938,54,90000000000000.0,0
508305938,55,110000000000000.0,0
508305938,56,130000000000000.0,0
508305938,57,150000000000000.0,0
508305938,58,170000000000000.0,0
508305938,59,190000000000000.0,0
508305938,60,210000000000000.0,0
508305938,61,230000000000000.0,2
508305938,62,249999984741210.94,2
508305938,63,270000000000000.0,2
508305938,64,290000000000000.0,4
508305938,65,310000000000000.0,6
508305938,66,330000000000000.0,7
508305938,67,350000000000000.0,8
508305938,68,370000000000000.0,9
508305938,69,210000000000000.0,0
508305938,118,50000000000000.0,0
525133308,4,800000000000000.0,0
525133308,5,800000000000000.0,0
525133308,6,800000000000000.0,0
525133308,7,100000000000000.0,0
525133308,8,200000000000000.0,0
525133308,9,300000000000000.0,0
525133308,10,400000000000000.0,0
525133308,11,499999969482421.9,0
525133308,12,600000000000000.0,0
525133308,13,700000000000000.0,1
525133308,14,750000000000000.0,1
525133308,15,710000000000000.0,1
525133308,16,700000000000000.0,1
525133308,17,650000000000000.0,0
525133308,18,670000000000000.0,0
525133308,19,680000000000000.0,1
525133308,20,680000000000000.0,1
525133308,21,680000000000000.0,0
525133308,22,680000000000000.0,0
525133308,23,690000000000000.0,0
525133308,24,700000000000000.0,0
525133308,25,710000000000000.0,0
525133308,26,720000000000000.0,0
525133308,27,730000000000000.0,0
525133308,28,740000000000000.0,0
525133308,29,750000000000000.0,1
525133308,30,750000000000000.0,0
525133308,33,760000000000000.0,0
525133308,39,140000000000000.0,0
525133308,40,120000000000000.0,0
525133308,42,80000000000000.0,0
525133308,44,50000000000000.0,0
525133308,45,50000000000000.0,0
525133308,46,50000000000000.0,0
525133308,47,70000000000000.0,0
525133308,48,90000000000000.0,5
525133308,49,110000000000000.0,9
525133308,50,130000000000000.0,13
525133308,51,150000000000000.0,16
525133308,54,210000000000000.0,21
525133308,55,230000000000000.0,24
525133308,56,80000000000000.0,0
525133308,57,90000000000000.0,1
525133308,58,90000000000000.0,1
525133308,59,90000000000000.0,1
525133308,60,90000000000000.0,1
525133308,62,212250000000000.0,0
525133308,64,212250000000000.0,0
525133308,67,208624984741210.94,0
525133308,68,212250000000000.0,0
525133308,70,400000000000000.0,0
525133308,71,400000000000000.0,0
525133308,74,50000000000000.0,0
571442534,6,800000000000000.0,0
571442534,7,800000000000000.0,0
571442534,8,100000000000000.0,0
571442534,9,200000000000000.0,0
571442534,10,300000000000000.0,0
571442534,11,400000000000000.0,0
571442534,12,499999969482421.9,1
571442534,13,450000000000000.0,0
571442534,14,469999969482421.9,0
571442534,15,479999969482421.9,0
571442534,17,499999969482421.9,1
571442534,18,499999969482421.9,1
571442534,19,499999969482421.9,1
571442534,20,499999969482421.9,0
571442534,21,499999969482421.9,0
571442534,23,509999969482421.9,1
571442534,25,509999969482421.9,0
571442534,26,509999969482421.9,1
571442534,27,160000000000000.0,0
571442534,28,140000000000000.0,0
571442534,29,120000000000000.0,0
571442534,30,100000000000000.0,0
571442534,31,80000000000000.0,0
571442534,32,60000000000000.0,0
571442534,33,50000000000000.0,0
571442534,34,50000000000000.0,0
571442534,35,50000000000000.0,0
571442534,36,70000000000000.0,0
571442534,37,90000000000000.0,0
571442534,38,110000000000000.0,2
571442534,39,130000000000000.0,8
571442534,40,150000000000000.0,14
571442534,41,170000000000000.0,20
571442534,42,190000000000000.0,26
571442534,43,210000000000000.0,31
571442534,44,230000000000000.0,37
571442534,45,249999984741210.94,42
571442534,46,100000000000000.0,1
571442534,47,100000000000000.0,1
571442534,48,100000000000000.0,0
571442534,49,100000000000000.0,1
571442534,50,140000000000000.0,10
571442534,51,140000000000000.0,9
571442534,52,140000000000000.0,9
571442534,53,140000000000000.0,9
571442534,54,180000000000000.0,23
571442534,55,180000000000000.0,24
571442534,57,231750000000000.0,0
571442534,58,235750000000000.0,0
571442534,59,231750000000000.0,0
571442534,60,235750000000000.0,0
571442534,62,400000000000000.0,0
571442534,63,400000000000000.0,0
571442534,64,400000000000000.0,0
571442534,65,400000000000000.0,0
571442534,66,400000000000000.0,0
571442534,67,400000000000000.0,0
571442534,68,400000000000000.0,0
571442534,69,400000000000000.0,0
571442534,70,400000000000000.0,0
571442534,71,400000000000000.0,0
571442534,74,50000000000000.0,0
529898751,4,800000000000000.0,0
529898751,5,800000000000000.0,0
529898751,6,800000000000000.0,0
529898751,7,100000000000000.0,0
529898751,8,200000000000000.0,0
529898751,9,300000000000000.0,0
529898751,10,400000000000000.0,0
529898751,11,499999969482421.9,0
529898751,12,600000000000000.0,0
529898751,13,700000000000000.0,0
529898751,14,800000000000000.0,0
529898751,15,900000000000000.0,0
529898751,16,999999938964843.8,0
529898751,17,1100000000000000.0,0
529898751,18,1200000000000000.0,1
529898751,19,1150000000000000.0,0
529898751,20,1170000000000000.0,0
529898751,21,1190000000000000.0,0
529898751,22,1200000000000000.0,0
529898751,23,1210000000000000.0,0
529898751,24,1230000000000000.0,0
529898751,25,1250000000000000.0,1
529898751,27,1250000000000000.0,0
529898751,28,1260000000000000.0,0
529898751,29,1270000000000000.0,0
529898751,30,1290000000000000.0,1
529898751,31,1280000000000000.0,0
529898751,32,1290000000000000.0,1
529898751,33,1290000000000000.0,1
529898751,34,1290000000000000.0,1
529898751,35,1290000000000000.0,0
529898751,36,1290000000000000.0,1
529898751,37,160000000000000.0,0
529898751,38,140000000000000.0,0
529898751,39,120000000000000.0,0
529898751,40,100000000000000.0,0
529898751,41,80000000000000.0,0
529898751,42,60000000000000.0,0
529898751,43,50000000000000.0,0
529898751,44,50000000000000.0,0
529898751,45,50000000000000.0,0
529898751,46,70000000000000.0,0
529898751,47,90000000000000.0,1
529898751,49,130000000000000.0,4
529898751,50,150000000000000.0,7
529898751,51,170000000000000.0,9
529898751,52,190000000000000.0,11
529898751,53,210000000000000.0,13
529898751,54,230000000000000.0,14
529898751,55,100000000000000.0,1
529898751,56,80000000000000.0,0
529898751,57,90000000000000.0,0
529898751,58,100000000000000.0,1
529898751,59,100000000000000.0,1
529898751,60,100000000000000.0,0
529898751,61,100000000000000.0,0
529898751,62,110000000000000.0,1
529898751,63,110000000000000.0,1
529898751,64,110000000000000.0,1
529898751,65,110000000000000.0,1
529898751,67,259375000000000.0,0
529898751,68,254999984741210.94,0
529898751,69,259375000000000.0,0
529898751,71,259375000000000.0,0
529898751,72,254999984741210.94,0
529898751,73,259375000000000.0,0
529898751,75,400000000000000.0,0
529898751,76,400000000000000.0,0
529898751,79,50000000000000.0,0
537266147,5,800000000000000.0,0
537266147,6,800000000000000.0,0
537266147,7,800000000000000.0,0
537266147,8,100000000000000.0,0
537266147,9,200000000000000.0,0
537266147,10,300000000000000.0,0
537266147,11,400000000000000.0,0
537266147,12,499999969482421.9,0
537266147,13,600000000000000.0,0
537266147,14,700000000000000.0,0
537266147,15,800000000000000.0,0
537266147,16,900000000000000.0,0
537266147,17,999999938964843.8,0
537266147,18,1100000000000000.0,0
537266147,19,1200000000000000.0,0
537266147,20,1300000000000000.0,0
537266147,21,1400000000000000.0,0
537266147,22,1500000000000000.0,0
537266147,23,1600000000000000.0,0
537266147,24,1700000000000000.0,0
537266147,25,1800000000000000.0,0
537266147,26,1899999877929687.5,1
537266147,27,1850000000000000.0,0
537266147,28,1869999877929687.5,0
537266147,29,1889999877929687.5,0
537266147,30,1909999877929687.5,1
537266147,31,1899999877929687.5,0
537266147,32,1909999877929687.5,0
537266147,33,1919999877929687.5,0
537266147,34,1929999877929687.5,0
537266147,35,1949999877929687.5,0
537266147,36,1969999877929687.5,0
537266147,37,1989999877929687.5,1
537266147,38,1989999877929687.5,0
537266147,39,1989999877929687.5,0
537266147,40,1989999877929687.5,0
537266147,41,1989999877929687.5,0
537266147,42,1999999877929687.5,0
537266147,43,2009999877929687.5,0
537266147,44,2050000000000000.0,0
537266147,45,2100000000000000.0,1
537266147,46,2100000000000000.0,1
537266147,47,2100000000000000.0,1
537266147,48,2100000000000000.0,1
537266147,49,2100000000000000.0,1
537266147,50,160000000000000.0,0
537266147,51,140000000000000.0,0
537266147,53,100000000000000.0,0
537266147,54,80000000000000.0,0
537266147,55,60000000000000.0,0
537266147,56,50000000000000.0,0
537266147,57,50000000000000.0,0
537266147,58,50000000000000.0,0
537266147,59,70000000000000.0,0
537266147,60,90000000000000.0,0
537266147,61,110000000000000.0,0
537266147,62,130000000000000.0,0
537266147,74,370000000000000.0,2
537266147,75,390000000000000.0,4
537266147,76,410000000000000.0,6
537266147,77,430000000000000.0,8
537266147,78,450000000000000.0,9
537266147,79,469999969482421.9,11
537266147,80,320000000000000.0,1
537266147,81,310000000000000.0,0
537266147,82,320000000000000.0,0
537266147,83,330000000000000.0,1
537266147,84,330000000000000.0,1
537266147,85,330000000000000.0,1
537266147,86,330000000000000.0,1
537266147,87,765000000000000.0,0
537266147,88,778125000000000.0,0
537266147,89,765000000000000.0,0
537266147,90,778125000000000.0,0
537266147,91,765000000000000.0,0
537266147,92,778125000000000.0,0
537266147,93,765000000000000.0,0
537266147,94,778125000000000.0,0
537266147,96,400000000000000.0,0
537266147,97,400000000000000.0,0
537266147,98,330000000000000.0,3
537266147,99,330000000000000.0,2
537266147,100,330000000000000.0,3
537266147,101,330000000000000.0,2
537266147,102,370000000000000.0,6
537266147,103,370000000000000.0,6
537266147,104,370000000000000.0,6
537266147,105,370000000000000.0,7
537266147,106,410000000000000.0,10
537266147,107,410000000000000.0,10
537266147,108,410000000000000.0,11
537266147,109,410000000000000.0,10
537266147,110,1417500000000000.0,0
537266147,115,50000000000000.0,0
528022041,4,800000000000000.0,0
528022041,5,800000000000000.0,0
528022041,6,800000000000000.0,0
528022041,7,100000000000000.0,0
528022041,8,200000000000000.0,0
528022041,9,300000000000000.0,0
528022041,10,400000000000000.0,0
528022041,11,499999969482421.9,0
528022041,12,600000000000000.0,0
528022041,13,700000000000000.0,0
528022041,14,800000000000000.0,0
528022041,15,900000000000000.0,0
528022041,16,999999938964843.8,0
528022041,17,1100000000000000.0,0
528022041,18,1200000000000000.0,0
528022041,19,1300000000000000.0,0
528022041,20,1400000000000000.0,0
528022041,21,1500000000000000.0,0
528022041,22,1600000000000000.0,0
528022041,23,1700000000000000.0,0
528022041,24,1800000000000000.0,2
528022041,25,1800000000000000.0,2
528022041,26,1700000000000000.0,0
528022041,27,1750000000000000.0,2
528022041,28,1730000000000000.0,0
528022041,29,1740000000000000.0,0
528022041,30,1750000000000000.0,2
528022041,31,1750000000000000.0,0
528022041,32,1760000000000000.0,0
528022041,33,1760000000000000.0,0
528022041,34,1770000000000000.0,0
528022041,35,1780000000000000.0,0
528022041,36,1790000000000000.0,0
528022041,37,1800000000000000.0,2
528022041,38,1800000000000000.0,0
528022041,39,1810000000000000.0,0
528022041,40,1810000000000000.0,0
528022041,41,1820000000000000.0,0
528022041,42,1850000000000000.0,0
528022041,43,1869999877929687.5,2
528022041,44,1860000000000000.0,2
528022041,45,1860000000000000.0,0
528022041,46,1869999877929687.5,0
528022041,47,1889999877929687.5,0
528022041,48,1899999877929687.5,2
528022041,49,1899999877929687.5,2
528022041,50,1899999877929687.5,0
528022041,51,1909999877929687.5,2
528022041,52,1909999877929687.5,2
528022041,53,1909999877929687.5,0
528022041,54,1919999877929687.5,0
528022041,55,1949999877929687.5,0
528022041,56,1969999877929687.5,0
528022041,57,1989999877929687.5,2
528022041,58,1979999877929687.5,0
528022041,59,1989999877929687.5,2
528022041,60,1989999877929687.5,2
528022041,61,1989999877929687.5,0
528022041,62,1999999877929687.5,2
528022041,63,1999999877929687.5,2
528022041,64,1999999877929687.5,2
528022041,65,1999999877929687.5,2
528022041,67,160000000000000.0,0
528022041,68,140000000000000.0,0
528022041,69,120000000000000.0,0
528022041,70,100000000000000.0,0
528022041,71,80000000000000.0,0
528022041,72,60000000000000.0,0
528022041,73,50000000000000.0,0
528022041,74,50000000000000.0,0
528022041,75,50000000000000.0,0
528022041,76,70000000000000.0,0
528022041,77,90000000000000.0,0
528022041,78,110000000000000.0,0
528022041,79,130000000000000.0,0
528022041,80,150000000000000.0,1
528022041,81,170000000000000.0,2
528022041,82,190000000000000.0,2
528022041,83,210000000000000.0,2
528022041,84,230000000000000.0,2
528022041,85,249999984741210.94,2
528022041,86,270000000000000.0,2
528022041,87,290000000000000.0,3
528022041,88,310000000000000.0,3
528022041,89,160000000000000.0,1
528022041,90,140000000000000.0,0
528022041,91,150000000000000.0,0
528022041,92,160000000000000.0,1
528022041,93,160000000000000.0,1
528022041,94,160000000000000.0,1
528022041,95,160000000000000.0,1
528022041,96,370875000000000.0,0
528022041,97,377250000000000.0,0
528022041,98,370875000000000.0,0
528022041,99,377250000000000.0,0
528022041,100,370875000000000.0,0
528022041,101,377250000000000.0,0
528022041,102,370875000000000.0,0
528022041,103,377250000000000.0,0
528022041,105,400000000000000.0,0
528022041,109,50000000000000.0,0
508387918,4,800000000000000.0,0
508387918,5,800000000000000.0,0
508387918,6,800000000000000.0,0
508387918,7,100000000000000.0,0
508387918,8,200000000000000.0,0
508387918,9,300000000000000.0,0
508387918,10,400000000000000.0,0
508387918,11,499999969482421.9,0
508387918,12,600000000000000.0,0
508387918,13,700000000000000.0,0
508387918,14,800000000000000.0,0
508387918,15,900000000000000.0,0
508387918,16,999999938964843.8,0
508387918,17,1100000000000000.0,0
508387918,18,1200000000000000.0,0
508387918,19,1300000000000000.0,0
508387918,20,1400000000000000.0,0
508387918,21,1500000000000000.0,0
508387918,22,1600000000000000.0,1
508387918,23,1550000000000000.0,0
508387918,24,1570000000000000.0,0
508387918,25,1590000000000000.0,0
508387918,26,1650000000000000.0,1
508387918,27,1630000000000000.0,1
508387918,28,1610000000000000.0,1
508387918,29,1600000000000000.0,1
508387918,30,1600000000000000.0,1
508387918,31,1600000000000000.0,0
508387918,32,1600000000000000.0,0
508387918,33,1600000000000000.0,0
508387918,34,1610000000000000.0,0
508387918,35,1650000000000000.0,1
508387918,36,1630000000000000.0,0
508387918,37,1640000000000000.0,0
508387918,38,1660000000000000.0,1
508387918,39,1650000000000000.0,1
508387918,40,1650000000000000.0,0
508387918,41,1650000000000000.0,1
508387918,42,1650000000000000.0,0
508387918,43,1650000000000000.0,1
508387918,44,160000000000000.0,0
508387918,45,140000000000000.0,0
508387918,46,120000000000000.0,0
508387918,47,100000000000000.0,0
508387918,48,80000000000000.0,0
508387918,49,60000000000000.0,0
508387918,50,50000000000000.0,0
508387918,51,50000000000000.0,0
508387918,52,50000000000000.0,0
508387918,53,70000000000000.0,0
508387918,54,90000000000000.0,0
508387918,55,110000000000000.0,0
508387918,56,130000000000000.0,0
508387918,57,150000000000000.0,0
508387918,58,170000000000000.0,0
508387918,59,190000000000000.0,0
508387918,60,210000000000000.0,0
508387918,61,230000000000000.0,0
508387918,62,249999984741210.94,0
508387918,63,270000000000000.0,0
508387918,64,290000000000000.0,0
508387918,65,310000000000000.0,0
508387918,66,330000000000000.0,0
508387918,67,350000000000000.0,0
508387918,68,370000000000000.0,0
508387918,69,390000000000000.0,0
508387918,70,410000000000000.0,1
508387918,71,430000000000000.0,1
508387918,72,450000000000000.0,1
508387918,73,469999969482421.9,1
508387918,74,489999969482421.9,1
508387918,75,509999969482421.9,1
508387918,76,530000000000000.0,2
508387918,77,550000000000000.0,2
508387918,78,400000000000000.0,0
508387918,79,420000000000000.0,0
508387918,80,440000000000000.0,0
508387918,81,460000000000000.0,1
508387918,82,450000000000000.0,0
508387918,83,460000000000000.0,1
508387918,84,460000000000000.0,0
508387918,85,469999969482421.9,1
508387918,86,469999969482421.9,0
508387918,87,479999969482421.9,0
508387918,88,489999969482421.9,0
508387918,89,509999969482421.9,1
508387918,90,499999969482421.9,1
508387918,91,499999969482421.9,1
508387918,92,499999969482421.9,0
508387918,93,499999969482421.9,0
508387918,94,509999969482421.9,1
508387918,95,509999969482421.9,1
508387918,96,509999969482421.9,1
508387918,97,509999969482421.9,1
508387918,103,1202375000000000.0,0
508387918,104,1182125000000000.0,0
508387918,105,1202375000000000.0,0
508387918,107,400000000000000.0,0
508387918,108,400000000000000.0,0
508387918,111,50000000000000.0,0
571473428,6,800000000000000.0,0
571473428,7,800000000000000.0,0
571473428,8,800000000000000.0,0
571473428,9,100000000000000.0,0
571473428,10,200000000000000.0,0
571473428,11,300000000000000.0,0
571473428,12,400000000000000.0,1
571473428,13,350000000000000.0,0
571473428,14,370000000000000.0,1
571473428,15,360000000000000.0,1
571473428,16,360000000000000.0,1
571473428,17,360000000000000.0,1
571473428,18,360000000000000.0,1
571473428,19,360000000000000.0,1
571473428,21,140000000000000.0,0
571473428,22,120000000000000.0,0
571473428,23,100000000000000.0,0
571473428,24,80000000000000.0,0
571473428,25,60000000000000.0,0
571473428,26,50000000000000.0,0
571473428,27,50000000000000.0,0
571473428,28,50000000000000.0,0
571473428,29,70000000000000.0,1
571473428,30,90000000000000.0,7
571473428,33,150000000000000.0,34
571473428,34,170000000000000.0,43
571473428,35,190000000000000.0,51
571473428,36,210000000000000.0,58
571473428,37,59999996185302.734,0
571473428,38,70000000000000.0,1
571473428,39,70000000000000.0,1
571473428,40,70000000000000.0,1
571473428,41,70000000000000.0,1
571473428,42,110000000000000.0,12
571473428,43,110000000000000.0,13
571473428,44,110000000000000.0,13
571473428,45,110000000000000.0,14
571473428,46,150000000000000.0,30
571473428,47,150000000000000.0,30
571473428,48,162250000000000.0,0
571473428,49,165000000000000.0,0
571473428,51,165000000000000.0,0
571473428,53,400000000000000.0,0
571473428,54,400000000000000.0,0
571473428,55,400000000000000.0,0
571473428,56,400000000000000.0,0
571473428,57,400000000000000.0,0
571473428,58,400000000000000.0,0
571473428,59,400000000000000.0,0
571473428,60,400000000000000.0,0
571473428,61,400000000000000.0,0
571473428,62,400000000000000.0,0
571473428,66,50000000000000.0,0
531517732,5,800000000000000.0,0
531517732,6,800000000000000.0,0
531517732,7,800000000000000.0,0
531517732,8,100000000000000.0,0
531517732,9,200000000000000.0,0
531517732,10,300000000000000.0,0
531517732,11,400000000000000.0,0
531517732,12,499999969482421.9,0
531517732,14,700000000000000.0,0
531517732,15,800000000000000.0,0
531517732,16,900000000000000.0,0
531517732,17,999999938964843.8,0
531517732,18,1100000000000000.0,0
531517732,19,1200000000000000.0,0
531517732,20,1300000000000000.0,0
531517732,21,1400000000000000.0,0
531517732,22,1500000000000000.0,0
531517732,23,1600000000000000.0,0
531517732,24,1700000000000000.0,0
531517732,25,1800000000000000.0,0
531517732,26,1899999877929687.5,0
531517732,27,1999999877929687.5,0
531517732,28,2100000000000000.0,0
531517732,29,2200000000000000.0,0
531517732,30,2300000000000000.0,1
531517732,31,2250000000000000.0,0
531517732,32,2270000000000000.0,1
531517732,33,2260000000000000.0,0
531517732,34,2270000000000000.0,0
531517732,35,2280000000000000.0,0
531517732,36,2290000000000000.0,1
531517732,37,2290000000000000.0,1
531517732,38,2290000000000000.0,0
531517732,39,2290000000000000.0,0
531517732,40,2290000000000000.0,0
531517732,41,160000000000000.0,0
531517732,43,120000000000000.0,0
531517732,44,100000000000000.0,0
531517732,45,80000000000000.0,0
531517732,46,60000000000000.0,0
531517732,48,50000000000000.0,0
531517732,49,50000000000000.0,0
531517732,50,70000000000000.0,0
531517732,51,90000000000000.0,0
531517732,52,110000000000000.0,0
531517732,53,130000000000000.0,0
531517732,54,150000000000000.0,0
531517732,55,170000000000000.0,0
531517732,56,190000000000000.0,0
531517732,57,210000000000000.0,0
531517732,58,230000000000000.0,0
531517732,59,249999984741210.94,0
531517732,60,270000000000000.0,0
531517732,61,290000000000000.0,0
531517732,62,310000000000000.0,0
531517732,63,330000000000000.0,0
531517732,64,350000000000000.0,1
531517732,65,370000000000000.0,2
531517732,67,410000000000000.0,6
531517732,68,430000000000000.0,8
531517732,69,450000000000000.0,9
531517732,70,469999969482421.9,11
531517732,71,489999969482421.9,11
531517732,72,350000000000000.0,1
531517732,73,350000000000000.0,1
531517732,74,350000000000000.0,1
531517732,75,350000000000000.0,1
531517732,77,825125000000000.0,0
531517732,89,50000000000000.0,0
527898222,4,800000000000000.0,0
527898222,5,800000000000000.0,0
527898222,6,800000000000000.0,0
527898222,7,100000000000000.0,0
527898222,8,200000000000000.0,0
527898222,9,300000000000000.0,0
527898222,10,400000000000000.0,0
527898222,11,499999969482421.9,0
527898222,12,600000000000000.0,0
527898222,13,700000000000000.0,1
527898222,14,650000000000000.0,1
527898222,15,630000000000000.0,1
527898222,16,620000000000000.0,1
527898222,17,610000000000000.0,0
527898222,18,620000000000000.0,1
527898222,19,620000000000000.0,0
527898222,20,620000000000000.0,0
527898222,21,620000000000000.0,0
527898222,22,620000000000000.0,0
527898222,24,140000000000000.0,0
527898222,25,120000000000000.0,0
527898222,26,100000000000000.0,0
527898222,27,80000000000000.0,0
527898222,28,60000000000000.0,0
527898222,29,50000000000000.0,0
527898222,30,50000000000000.0,0
527898222,31,50000000000000.0,0
527898222,32,70000000000000.0,0
527898222,33,90000000000000.0,0
527898222,35,130000000000000.0,0
527898222,36,150000000000000.0,0
527898222,37,170000000000000.0,0
527898222,38,190000000000000.0,1
527898222,39,210000000000000.0,5
527898222,41,249999984741210.94,31
527898222,42,270000000000000.0,40
527898222,43,290000000000000.0,45
527898222,44,310000000000000.0,54
527898222,45,330000000000000.0,62
527898222,46,190000000000000.0,1
527898222,47,190000000000000.0,1
527898222,48,190000000000000.0,1
527898222,49,190000000000000.0,1
527898222,52,448000000000000.0,0
527898222,54,448000000000000.0,0
527898222,56,448000000000000.0,0
527898222,58,448000000000000.0,0
527898222,60,400000000000000.0,0
527898222,61,400000000000000.0,0
527898222,65,249999984741210.94,1
527898222,67,249999984741210.94,1
527898222,69,290000000000000.0,21
527898222,70,290000000000000.0,23
527898222,72,290000000000000.0,17
527898222,73,330000000000000.0,40
527898222,74,330000000000000.0,45
527898222,75,330000000000000.0,46
527898222,76,330000000000000.0,44
527898222,84,770000000000000.0,0
527898222,85,770000000000000.0,0
527898222,86,770000000000000.0,0
527898222,87,770000000000000.0,0
527898222,88,770000000000000.0,0
527898222,89,770000000000000.0,0
527898222,90,770000000000000.0,0
527898222,92,770000000000000.0,0
527898222,93,770000000000000.0,0
527898222,94,770000000000000.0,0
527898222,95,770000000000000.0,0
527898222,96,770000000000000.0,0
527898222,97,770000000000000.0,0
527898222,98,770000000000000.0,0
527898222,99,770000000000000.0,0
527898222,100,770000000000000.0,0
527898222,101,770000000000000.0,0
527898222,102,770000000000000.0,0
527898222,103,770000000000000.0,0
527898222,104,770000000000000.0,0
527898222,108,50000000000000.0,0
489315717,4,800000000000000.0,0
489315717,5,800000000000000.0,0
489315717,6,800000000000000.0,0
489315717,7,100000000000000.0,0
489315717,8,200000000000000.0,0
489315717,9,300000000000000.0,0
489315717,10,400000000000000.0,0
489315717,11,499999969482421.9,1
489315717,12,600000000000000.0,1
489315717,13,450000000000000.0,0
489315717,14,469999969482421.9,1
489315717,15,460000000000000.0,0
489315717,16,469999969482421.9,0
489315717,17,479999969482421.9,0
489315717,18,489999969482421.9,1
489315717,19,489999969482421.9,1
489315717,20,489999969482421.9,0
489315717,21,489999969482421.9,1
489315717,22,489999969482421.9,0
489315717,23,160000000000000.0,0
489315717,24,140000000000000.0,0
489315717,25,120000000000000.0,0
489315717,26,100000000000000.0,0
489315717,27,80000000000000.0,0
489315717,28,60000000000000.0,0
489315717,29,50000000000000.0,0
489315717,30,50000000000000.0,0
489315717,31,50000000000000.0,4
489315717,33,90000000000000.0,9
489315717,34,110000000000000.0,12
489315717,35,130000000000000.0,14
489315717,36,150000000000000.0,16
489315717,37,170000000000000.0,19
489315717,38,190000000000000.0,21
489315717,39,50000000000000.0,1
489315717,40,50000000000000.0,1
489315717,41,50000000000000.0,2
489315717,42,50000000000000.0,3
489315717,45,117875000000000.0,0
489315717,47,117875000000000.0,0
489315717,51,117875000000000.0,0
489315717,53,400000000000000.0,0
489315717,55,479999969482421.9,0
489315717,56,499999969482421.9,0
489315717,57,520000000000000.0,0
489315717,59,600000000000000.0,0
489315717,60,700000000000000.0,1
489315717,61,650000000000000.0,1
489315717,62,650000000000000.0,0
489315717,64,650000000000000.0,0
489315717,65,650000000000000.0,0
489315717,66,650000000000000.0,0
489315717,67,650000000000000.0,0
489315717,68,650000000000000.0,0
489315717,69,650000000000000.0,0
489315717,70,650000000000000.0,0
489315717,71,650000000000000.0,0
489315717,72,650000000000000.0,0
489315717,73,650000000000000.0,0
489315717,74,650000000000000.0,0
489315717,75,650000000000000.0,0
489315717,76,650000000000000.0,0
489315717,77,650000000000000.0,0
489315717,78,650000000000000.0,0
489315717,79,650000000000000.0,0
489315717,80,650000000000000.0,0
489315717,81,650000000000000.0,0
489315717,82,650000000000000.0,0
489315717,83,70000000000000.0,5
489315717,85,70000000000000.0,5
489315717,86,70000000000000.0,5
489315717,87,110000000000000.0,9
489315717,89,110000000000000.0,9
489315717,101,50000000000000.0,0
508280017,4,800000000000000.0,0
508280017,5,800000000000000.0,0
508280017,6,800000000000000.0,0
508280017,7,100000000000000.0,0
508280017,8,200000000000000.0,0
508280017,9,300000000000000.0,0
508280017,10,400000000000000.0,0
508280017,11,499999969482421.9,0
508280017,12,600000000000000.0,0
508280017,13,700000000000000.0,0
508280017,14,800000000000000.0,0
508280017,15,900000000000000.0,0
508280017,16,999999938964843.8,0
508280017,17,1100000000000000.0,0
508280017,18,1200000000000000.0,0
508280017,19,1300000000000000.0,0
508280017,20,1400000000000000.0,0
508280017,21,1500000000000000.0,0
508280017,22,1600000000000000.0,0
508280017,23,1700000000000000.0,0
508280017,24,1800000000000000.0,0
508280017,25,1899999877929687.5,0
508280017,26,1999999877929687.5,0
508280017,27,2100000000000000.0,0
508280017,28,2200000000000000.0,0
508280017,29,2300000000000000.0,0
508280017,30,2400000000000000.0,0
508280017,31,2500000000000000.0,0
508280017,32,2600000000000000.0,0
508280017,33,2700000000000000.0,0
508280017,34,2800000000000000.0,0
508280017,35,2900000000000000.0,0
508280017,36,300000000000000.0,0
508280017,37,3000000000000000.0,0
508280017,38,3200000000000000.0,1
508280017,39,3100000000000000.0,1
508280017,40,3050000000000000.0,0
508280017,41,3070000000000000.0,0
508280017,42,3080000000000000.0,1
508280017,43,3080000000000000.0,0
508280017,44,3080000000000000.0,0
508280017,45,3090000000000000.0,0
508280017,46,3100000000000000.0,0
508280017,47,3150000000000000.0,0
508280017,48,3200000000000000.0,0
508280017,49,3300000000000000.0,1
508280017,50,3300000000000000.0,1
508280017,51,3300000000000000.0,1
508280017,52,3300000000000000.0,1
508280017,53,3300000000000000.0,1
508280017,54,160000000000000.0,0
508280017,55,140000000000000.0,0
508280017,56,120000000000000.0,0
508280017,57,100000000000000.0,0
508280017,58,80000000000000.0,0
508280017,59,60000000000000.0,0
508280017,61,50000000000000.0,0
508280017,62,50000000000000.0,0
508280017,63,70000000000000.0,0
508280017,64,90000000000000.0,0
508280017,65,110000000000000.0,0
508280017,67,150000000000000.0,0
508280017,68,170000000000000.0,0
508280017,69,190000000000000.0,0
508280017,70,210000000000000.0,0
508280017,71,230000000000000.0,0
508280017,72,249999984741210.94,0
508280017,73,270000000000000.0,0
508280017,74,290000000000000.0,0
508280017,75,310000000000000.0,0
508280017,82,450000000000000.0,1
508280017,83,469999969482421.9,1
508280017,85,509999969482421.9,2
508280017,86,530000000000000.0,2
508280017,87,550000000000000.0,2
508280017,88,570000000000000.0,3
508280017,89,590000000000000.0,3
508280017,90,610000000000000.0,3
508280017,91,450000000000000.0,1
508280017,92,450000000000000.0,1
508280017,94,450000000000000.0,1
508280017,95,1043000000000000.0,0
508280017,96,1061000000000000.0,0
508280017,97,1043000000000000.0,0
508280017,98,1061000000000000.0,0
508280017,99,1043000000000000.0,0
508280017,105,50000000000000.0,0
508411248,4,800000000000000.0,0
508411248,5,800000000000000.0,0
508411248,6,800000000000000.0,0
508411248,7,100000000000000.0,0
508411248,8,200000000000000.0,0
508411248,9,300000000000000.0,0
508411248,10,400000000000000.0,0
508411248,11,499999969482421.9,0
508411248,12,600000000000000.0,0
508411248,13,700000000000000.0,0
508411248,14,800000000000000.0,0
508411248,15,900000000000000.0,0
508411248,16,999999938964843.8,0
508411248,17,1100000000000000.0,0
508411248,18,1200000000000000.0,0
508411248,19,1300000000000000.0,0
508411248,20,1400000000000000.0,0
508411248,21,1500000000000000.0,2
508411248,22,1450000000000000.0,0
508411248,23,1470000000000000.0,0
508411248,24,1490000000000000.0,0
508411248,25,1510000000000000.0,0
508411248,26,1530000000000000.0,0
508411248,27,1550000000000000.0,2
508411248,28,1540000000000000.0,0
508411248,29,1550000000000000.0,0
508411248,30,1560000000000000.0,2
508411248,31,1560000000000000.0,2
508411248,32,1560000000000000.0,2
508411248,35,160000000000000.0,0
508411248,36,140000000000000.0,0
508411248,39,80000000000000.0,0
508411248,41,50000000000000.0,0
508411248,42,50000000000000.0,0
508411248,43,50000000000000.0,0
508411248,44,70000000000000.0,0
508411248,45,90000000000000.0,0
508411248,46,110000000000000.0,0
508411248,47,130000000000000.0,1
508411248,49,170000000000000.0,2
508411248,50,190000000000000.0,4
508411248,51,210000000000000.0,5
508411248,52,230000000000000.0,7
508411248,53,249999984741210.94,8
508411248,54,270000000000000.0,9
508411248,55,119999992370605.47,0
508411248,56,130000000000000.0,1
508411248,57,130000000000000.0,1
508411248,58,130000000000000.0,1
508411248,60,301375000000000.0,0
508411248,64,301375000000000.0,0
508411248,66,301375000000000.0,0
508411248,69,400000000000000.0,0
508411248,71,130000000000000.0,1
508411248,72,130000000000000.0,1
508411248,73,130000000000000.0,1
508411248,74,130000000000000.0,1
508411248,76,170000000000000.0,2
508411248,77,170000000000000.0,2
508411248,78,170000000000000.0,2
508411248,79,210000000000000.0,5
508411248,80,210000000000000.0,5
508411248,85,558250000000000.0,0
508411248,86,1560000000000000.0,0
508411248,87,1570000000000000.0,0
508411248,89,1610000000000000.0,0
508411248,90,1630000000000000.0,0
508411248,91,1650000000000000.0,0
508411248,92,1700000000000000.0,0
508411248,93,1750000000000000.0,0
508411248,94,1800000000000000.0,0
508411248,95,1850000000000000.0,0
508411248,96,1899999877929687.5,0
508411248,97,1949999877929687.5,0
508411248,98,1999999877929687.5,0
508411248,100,2100000000000000.0,0
508411248,104,2100000000000000.0,0
508411248,105,2100000000000000.0,0
508411248,106,2100000000000000.0,0
508411248,107,2100000000000000.0,0
508411248,108,2100000000000000.0,0
508411248,110,2100000000000000.0,0
508411248,111,2100000000000000.0,0
508411248,112,2100000000000000.0,0
508411248,113,2100000000000000.0,0
508411248,114,2100000000000000.0,0
508411248,115,2100000000000000.0,0
508411248,116,2100000000000000.0,0
508411248,117,2100000000000000.0,0
508411248,118,2100000000000000.0,0
508411248,119,2100000000000000.0,0
508411248,122,50000000000000.0,0
530081951,4,850000000000000.0,4
530081951,5,850000000000000.0,3
530081951,6,850000000000000.0,3
530081951,7,150000000000000.0,0
530081951,9,350000000000000.0,1
530081951,10,300000000000000.0,0
530081951,11,320000000000000.0,0
530081951,12,340000000000000.0,0
530081951,13,360000000000000.0,1
530081951,14,350000000000000.0,0
530081951,16,370000000000000.0,0
530081951,17,380000000000000.0,1
530081951,18,380000000000000.0,1
530081951,21,380000000000000.0,0
530081951,22,110000000000000.0,0
530081951,23,90000000000000.0,0
530081951,24,70000000000000.0,0
530081951,25,50000000000000.0,0
530081951,27,50000000000000.0,0
530081951,31,120000000000000.0,29
530081951,33,160000000000000.0,39
530081951,36,60000000000000.0,0
530081951,39,70000000000000.0,6
530081951,44,96875000000000.0,0
530081951,47,96250000000000.0,0
530081951,48,96875000000000.0,0
530081951,50,400000000000000.0,0
530081951,51,400000000000000.0,0
530081951,52,70000000000000.0,0
530081951,53,80000000000000.0,2
530081951,54,80000000000000.0,4
530081951,56,80000000000000.0,1
530081951,57,120000000000000.0,19
530081951,58,120000000000000.0,19
530081951,59,120000000000000.0,22
530081951,60,120000000000000.0,20
530081951,61,160000000000000.0,32
530081951,63,160000000000000.0,32
530081951,64,160000000000000.0,32
530081951,67,410000000000000.0,0
530081951,70,440000000000000.0,0
530081951,71,450000000000000.0,0
530081951,73,470000000000000.0,0
530081951,74,470000000000000.0,0
530081951,75,470000000000000.0,0
530081951,76,470000000000000.0,0
530081951,77,470000000000000.0,0
530081951,78,470000000000000.0,0
530081951,79,470000000000000.0,0
530081951,80,470000000000000.0,0
530081951,81,470000000000000.0,0
530081951,82,470000000000000.0,0
530081951,84,470000000000000.0,0
530081951,85,470000000000000.0,0
530081951,86,470000000000000.0,0
530081951,87,470000000000000.0,0
530081951,88,470000000000000.0,0
530081951,90,470000000000000.0,0
530081951,91,470000000000000.0,0
530081951,92,470000000000000.0,0
530081951,93,470000000000000.0,0
530081951,94,151875000000000.0,0
530081951,95,151875000000000.0,0
530081951,99,50000000000000.0,0
569100745,4,800000000000000.0,0
569100745,5,800000000000000.0,0
569100745,6,800000000000000.0,0
569100745,7,100000000000000.0,0
569100745,8,200000000000000.0,0
569100745,9,300000000000000.0,0
569100745,10,400000000000000.0,0
569100745,11,499999969482421.9,0
569100745,12,600000000000000.0,1
569100745,13,550000000000000.0,0
569100745,14,570000000000000.0,0
569100745,15,580000000000000.0,0
569100745,16,590000000000000.0,0
569100745,17,600000000000000.0,0
569100745,18,620000000000000.0,0
569100745,21,640000000000000.0,1
569100745,25,140000000000000.0,0
569100745,26,120000000000000.0,0
569100745,27,100000000000000.0,0
569100745,28,80000000000000.0,0
569100745,29,60000000000000.0,0
569100745,30,50000000000000.0,0
569100745,31,50000000000000.0,0
569100745,32,50000000000000.0,3
569100745,33,70000000000000.0,7
569100745,35,110000000000000.0,15
569100745,40,50000000000000.0,0
569100745,41,70000000000000.0,1
569100745,42,70000000000000.0,1
569100745,43,70000000000000.0,1
569100745,44,70000000000000.0,1
569100745,45,110000000000000.0,11
569100745,46,110000000000000.0,10
569100745,47,110000000000000.0,9
569100745,48,110000000000000.0,8
569100745,50,165000000000000.0,0
569100745,52,165000000000000.0,0
569100745,54,400000000000000.0,0
569100745,55,400000000000000.0,0
569100745,56,400000000000000.0,0
569100745,57,400000000000000.0,0
569100745,58,400000000000000.0,0
569100745,59,400000000000000.0,0
569100745,60,400000000000000.0,0
569100745,61,400000000000000.0,0
569100745,62,400000000000000.0,0
569100745,63,400000000000000.0,0
569100745,66,50000000000000.0,0
569825715,6,800000000000000.0,0
569825715,7,800000000000000.0,0
569825715,8,800000000000000.0,0
569825715,9,100000000000000.0,0
569825715,10,200000000000000.0,0
569825715,11,300000000000000.0,0
569825715,12,400000000000000.0,0
569825715,13,499999969482421.9,0
569825715,14,600000000000000.0,0
569825715,15,700000000000000.0,1
569825715,17,630000000000000.0,0
569825715,18,640000000000000.0,0
569825715,19,650000000000000.0,1
569825715,20,650000000000000.0,1
569825715,21,650000000000000.0,1
569825715,22,650000000000000.0,1
569825715,23,650000000000000.0,1
569825715,24,650000000000000.0,0
569825715,25,650000000000000.0,0
569825715,27,650000000000000.0,0
569825715,28,650000000000000.0,0
569825715,29,650000000000000.0,0
569825715,31,140000000000000.0,0
569825715,32,120000000000000.0,0
569825715,33,100000000000000.0,0
569825715,35,60000000000000.0,0
569825715,36,50000000000000.0,0
569825715,37,50000000000000.0,0
569825715,38,50000000000000.0,0
569825715,39,70000000000000.0,2
569825715,40,90000000000000.0,8
569825715,41,110000000000000.0,12
569825715,42,130000000000000.0,15
569825715,43,150000000000000.0,19
569825715,45,190000000000000.0,26
569825715,47,59999996185302.734,1
569825715,48,59999996185302.734,1
569825715,49,59999996185302.734,1
569825715,50,59999996185302.734,1
569825715,51,59999996185302.734,1
569825715,52,59999996185302.734,1
569825715,53,100000000000000.0,8
569825715,54,100000000000000.0,8
569825715,55,139125000000000.0,0
569825715,61,400000000000000.0,0
569825715,62,400000000000000.0,0
569825715,63,400000000000000.0,0
569825715,64,400000000000000.0,0
569825715,65,400000000000000.0,0
569825715,66,400000000000000.0,0
569825715,67,400000000000000.0,0
569825715,69,400000000000000.0,0
569825715,70,400000000000000.0,0
569825715,73,50000000000000.0,0
531526842,4,800000000000000.0,0
531526842,5,800000000000000.0,0
531526842,6,800000000000000.0,0
531526842,7,100000000000000.0,0
531526842,8,200000000000000.0,0
531526842,9,300000000000000.0,0
531526842,10,400000000000000.0,0
531526842,11,499999969482421.9,0
531526842,12,600000000000000.0,0
531526842,13,700000000000000.0,0
531526842,14,800000000000000.0,1
531526842,15,850000000000000.0,1
531526842,17,850000000000000.0,1
531526842,18,850000000000000.0,1
531526842,19,850000000000000.0,1
531526842,20,160000000000000.0,0
531526842,21,140000000000000.0,0
531526842,22,120000000000000.0,0
531526842,23,100000000000000.0,0
531526842,24,80000000000000.0,0
531526842,25,60000000000000.0,0
531526842,26,50000000000000.0,0
531526842,27,50000000000000.0,0
531526842,28,50000000000000.0,0
531526842,29,70000000000000.0,0
531526842,30,90000000000000.0,0
531526842,31,110000000000000.0,0
531526842,32,130000000000000.0,0
531526842,33,150000000000000.0,1
531526842,34,170000000000000.0,2
531526842,35,190000000000000.0,5
531526842,36,210000000000000.0,7
531526842,37,230000000000000.0,9
531526842,38,249999984741210.94,11
531526842,39,270000000000000.0,12
531526842,40,290000000000000.0,15
531526842,41,150000000000000.0,1
531526842,42,150000000000000.0,1
531526842,44,150000000000000.0,1
531526842,45,347625000000000.0,0
531526842,46,353625000000000.0,0
531526842,47,347625000000000.0,0
531526842,48,353625000000000.0,0
531526842,49,347625000000000.0,0
531526842,50,353625000000000.0,0
531526842,51,347625000000000.0,0
531526842,52,353625000000000.0,0
531526842,54,400000000000000.0,0
531526842,55,400000000000000.0,0
531526842,56,180000000000000.0,2
531526842,57,180000000000000.0,2
531526842,58,180000000000000.0,2
531526842,59,180000000000000.0,2
531526842,62,220000000000000.0,5
531526842,63,220000000000000.0,4
562377597,6,850000000000000.0,0
562377597,7,850000000000000.0,0
562377597,8,850000000000000.0,0
562377597,9,150000000000000.0,0
562377597,10,250000000000000.0,0
562377597,11,350000000000000.0,0
562377597,12,450000000000000.0,0
562377597,13,550000000000000.0,0
562377597,14,650000000000000.0,0
562377597,15,750000000000000.0,1
562377597,16,850000000000000.0,1
562377597,18,700000000000000.0,0
562377597,19,750000000000000.0,0
562377597,20,800000000000000.0,1
562377597,21,780000000000000.0,1
562377597,22,760000000000000.0,0
562377597,23,770000000000000.0,0
562377597,24,780000000000000.0,0
562377597,25,790000000000000.0,1
562377597,26,790000000000000.0,0
562377597,27,800000000000000.0,1
562377597,28,800000000000000.0,1
562377597,29,800000000000000.0,0
562377597,30,800000000000000.0,1
562377597,31,800000000000000.0,1
562377597,32,110000000000000.0,0
562377597,33,90000000000000.0,0
562377597,34,70000000000000.0,0
562377597,35,50000000000000.0,0
562377597,36,50000000000000.0,0
562377597,37,50000000000000.0,0
562377597,38,60000000000000.0,0
562377597,39,80000000000000.0,0
562377597,41,120000000000000.0,1
562377597,42,140000000000000.0,3
562377597,43,160000000000000.0,6
562377597,44,180000000000000.0,8
562377597,45,200000000000000.0,10
562377597,46,220000000000000.0,12
562377597,47,240000000000000.0,13
562377597,48,260000000000000.0,15
562377597,49,120000000000000.0,0
562377597,50,130000000000000.0,0
562377597,51,140000000000000.0,2
562377597,52,140000000000000.0,2
562377597,53,140000000000000.0,2
562377597,54,140000000000000.0,2
562377597,55,258625000000000.0,0
562377597,56,262250000000000.0,0
562377597,57,258625000000000.0,0
562377597,58,262250000000000.0,0
562377597,59,258625000000000.0,0
562377597,60,262250000000000.0,0
562377597,62,400000000000000.0,0
562377597,63,400000000000000.0,0
562377597,67,50000000000000.0,0
562377597,68,50000000000000.0,0
545208779,6,800000000000000.0,0
545208779,7,800000000000000.0,0
545208779,8,800000000000000.0,0
545208779,9,100000000000000.0,0
545208779,10,200000000000000.0,0
545208779,11,300000000000000.0,0
545208779,12,400000000000000.0,0
545208779,13,499999969482421.9,0
545208779,14,600000000000000.0,0
545208779,15,700000000000000.0,0
545208779,16,800000000000000.0,0
545208779,17,900000000000000.0,0
545208779,18,999999938964843.8,0
545208779,19,1100000000000000.0,0
545208779,20,1200000000000000.0,0
545208779,21,1300000000000000.0,0
545208779,22,1400000000000000.0,0
545208779,23,1500000000000000.0,1
545208779,25,1500000000000000.0,1
545208779,26,1450000000000000.0,0
545208779,27,1470000000000000.0,1
545208779,30,1470000000000000.0,0
545208779,31,1470000000000000.0,0
545208779,32,160000000000000.0,0
545208779,33,140000000000000.0,0
545208779,34,120000000000000.0,0
545208779,35,100000000000000.0,0
545208779,36,80000000000000.0,0
545208779,38,50000000000000.0,0
545208779,39,50000000000000.0,0
545208779,40,50000000000000.0,0
545208779,41,70000000000000.0,0
545208779,42,90000000000000.0,0
545208779,43,110000000000000.0,0
545208779,44,130000000000000.0,0
545208779,45,150000000000000.0,0
545208779,46,170000000000000.0,0
545208779,47,190000000000000.0,0
545208779,48,210000000000000.0,0
545208779,49,230000000000000.0,1
545208779,50,249999984741210.94,1
545208779,51,270000000000000.0,3
545208779,52,290000000000000.0,6
545208779,53,310000000000000.0,7
545208779,54,330000000000000.0,9
545208779,55,350000000000000.0,10
545208779,56,370000000000000.0,12
545208779,57,220000000000000.0,1
545208779,58,200000000000000.0,0
545208779,59,210000000000000.0,0
545208779,60,220000000000000.0,1
545208779,61,220000000000000.0,1
545208779,62,220000000000000.0,1
545208779,63,220000000000000.0,1
545208779,64,509874969482421.9,0
545208779,65,518625000000000.0,0
545208779,66,509874969482421.9,0
545208779,67,518625000000000.0,0
545208779,68,509874969482421.9,0
545208779,69,518625000000000.0,0
545208779,70,509874969482421.9,0
545208779,71,518625000000000.0,0
545208779,73,400000000000000.0,0
545208779,74,400000000000000.0,0
545208779,75,220000000000000.0,1
545208779,76,220000000000000.0,1
545208779,77,220000000000000.0,1
545208779,78,220000000000000.0,1
545208779,79,260000000000000.0,2
545208779,80,260000000000000.0,2
545208779,81,260000000000000.0,1
545208779,82,260000000000000.0,1
545208779,83,300000000000000.0,4
545208779,84,300000000000000.0,3
545208779,85,300000000000000.0,2
545208779,86,300000000000000.0,2
545208779,89,50000000000000.0,0
545207901,5,800000000000000.0,0
545207901,6,800000000000000.0,0
545207901,7,800000000000000.0,0
545207901,8,100000000000000.0,0
545207901,9,200000000000000.0,1
545207901,10,150000000000000.0,0
545207901,11,170000000000000.0,0
545207901,12,180000000000000.0,0
545207901,13,190000000000000.0,1
545207901,14,190000000000000.0,1
545207901,15,190000000000000.0,1
545207901,16,190000000000000.0,1
545207901,17,190000000000000.0,1
545207901,21,100000000000000.0,0
545207901,22,80000000000000.0,0
545207901,23,60000000000000.0,0
545207901,24,50000000000000.0,0
545207901,25,50000000000000.0,0
545207901,26,50000000000000.0,28
545207901,27,70000000000000.0,43
545207901,28,90000000000000.0,57
545207901,29,110000000000000.0,71
545207901,30,130000000000000.0,86
545207901,33,190000000000000.0,123
545207901,37,50000000000000.0,14
545207901,39,50000000000000.0,18
545207901,42,92750000000000.0,0
545207901,44,92750000000000.0,0
545207901,53,50000000000000.0,0
527932447,4,800000000000000.0,0
527932447,5,800000000000000.0,0
527932447,6,800000000000000.0,0
527932447,7,100000000000000.0,0
527932447,8,200000000000000.0,0
527932447,9,300000000000000.0,0
527932447,10,400000000000000.0,1
527932447,11,350000000000000.0,1
527932447,12,330000000000000.0,1
527932447,13,310000000000000.0,0
527932447,14,320000000000000.0,0
527932447,15,330000000000000.0,0
527932447,16,340000000000000.0,1
527932447,17,340000000000000.0,1
527932447,18,340000000000000.0,1
527932447,19,340000000000000.0,1
527932447,20,340000000000000.0,1
527932447,22,140000000000000.0,0
527932447,23,120000000000000.0,0
527932447,24,100000000000000.0,0
527932447,28,50000000000000.0,0
527932447,30,70000000000000.0,3
527932447,31,90000000000000.0,17
527932447,32,110000000000000.0,27
527932447,36,190000000000000.0,69
527932447,38,50000000000000.0,0
527932447,39,59999996185302.734,1
527932447,40,59999996185302.734,1
527932447,43,70000000000000.0,4
527932447,44,70000000000000.0,5
527932447,46,70000000000000.0,4
527932447,47,162500000000000.0,0
527932447,55,50000000000000.0,0
541545716,5,800000000000000.0,0
541545716,7,800000000000000.0,0
541545716,8,100000000000000.0,0
541545716,9,200000000000000.0,0
541545716,10,300000000000000.0,0
541545716,11,400000000000000.0,0
541545716,12,499999969482421.9,0
541545716,13,600000000000000.0,0
541545716,14,700000000000000.0,0
541545716,15,800000000000000.0,0
541545716,16,900000000000000.0,0
541545716,17,999999938964843.8,0
541545716,18,1100000000000000.0,0
541545716,19,1200000000000000.0,0
541545716,20,1300000000000000.0,0
541545716,21,1400000000000000.0,0
541545716,22,1500000000000000.0,1
541545716,23,1400000000000000.0,0
541545716,24,1430000000000000.0,0
541545716,25,1450000000000000.0,0
541545716,26,1470000000000000.0,0
541545716,27,1490000000000000.0,0
541545716,28,1500000000000000.0,0
541545716,29,1520000000000000.0,1
541545716,30,1520000000000000.0,1
541545716,31,1520000000000000.0,1
541545716,32,1520000000000000.0,1
541545716,33,1520000000000000.0,0
541545716,34,1520000000000000.0,0
541545716,35,160000000000000.0,0
541545716,36,140000000000000.0,0
541545716,38,100000000000000.0,0
541545716,39,80000000000000.0,0
541545716,40,60000000000000.0,0
541545716,41,50000000000000.0,0
541545716,42,50000000000000.0,0
541545716,43,50000000000000.0,0
541545716,44,70000000000000.0,0
541545716,45,90000000000000.0,0
541545716,46,110000000000000.0,0
541545716,48,150000000000000.0,0
541545716,49,170000000000000.0,0
541545716,50,190000000000000.0,3
541545716,51,210000000000000.0,5
541545716,52,230000000000000.0,7
541545716,53,249999984741210.94,9
541545716,54,270000000000000.0,11
541545716,55,290000000000000.0,13
541545716,56,310000000000000.0,16
541545716,57,330000000000000.0,18
541545716,58,180000000000000.0,0
541545716,59,190000000000000.0,0
541545716,60,200000000000000.0,2
541545716,61,200000000000000.0,2
541545716,62,200000000000000.0,2
541545716,63,200000000000000.0,2
541545716,64,463625000000000.0,0
541545716,65,471500000000000.0,0
541545716,66,463625000000000.0,0
541545716,67,471500000000000.0,0
541545716,68,463625000000000.0,0
541545716,69,471500000000000.0,0
541545716,70,463625000000000.0,0
541545716,71,471500000000000.0,0
541545716,73,400000000000000.0,0
541545716,74,400000000000000.0,0
541545716,77,50000000000000.0,0
527941296,4,800000000000000.0,0
527941296,5,800000000000000.0,0
527941296,6,800000000000000.0,0
527941296,7,100000000000000.0,0
527941296,8,200000000000000.0,0
527941296,9,300000000000000.0,0
527941296,10,400000000000000.0,0
527941296,11,499999969482421.9,0
527941296,12,600000000000000.0,0
527941296,13,700000000000000.0,0
527941296,14,800000000000000.0,0
527941296,15,900000000000000.0,0
527941296,16,999999938964843.8,0
527941296,17,1100000000000000.0,0
527941296,18,1200000000000000.0,0
527941296,19,1300000000000000.0,0
527941296,20,1400000000000000.0,0
527941296,21,1500000000000000.0,0
527941296,22,1600000000000000.0,0
527941296,23,1700000000000000.0,2
527941296,24,1650000000000000.0,0
527941296,25,1670000000000000.0,0
527941296,26,1690000000000000.0,0
527941296,27,1700000000000000.0,0
527941296,28,1710000000000000.0,0
527941296,29,1720000000000000.0,0
527941296,30,1730000000000000.0,0
527941296,31,1750000000000000.0,0
527941296,32,1770000000000000.0,0
527941296,33,1790000000000000.0,0
527941296,34,1810000000000000.0,0
527941296,35,1830000000000000.0,0
527941296,36,1850000000000000.0,2
527941296,37,1850000000000000.0,2
527941296,38,1850000000000000.0,2
527941296,39,1850000000000000.0,2
527941296,40,1850000000000000.0,2
527941296,41,160000000000000.0,0
527941296,42,140000000000000.0,0
527941296,43,120000000000000.0,0
527941296,44,100000000000000.0,0
527941296,45,80000000000000.0,0
527941296,46,60000000000000.0,0
527941296,47,50000000000000.0,0
527941296,48,50000000000000.0,0
527941296,49,50000000000000.0,0
527941296,50,70000000000000.0,0
527941296,51,90000000000000.0,0
527941296,52,110000000000000.0,0
527941296,53,130000000000000.0,1
527941296,54,150000000000000.0,2
527941296,55,170000000000000.0,2
527941296,57,210000000000000.0,3
527941296,58,230000000000000.0,3
527941296,59,249999984741210.94,4
527941296,61,119999992370605.47,0
527941296,62,130000000000000.0,0
527941296,63,140000000000000.0,0
527941296,64,150000000000000.0,1
527941296,65,150000000000000.0,1
527941296,66,150000000000000.0,1
527941296,67,150000000000000.0,1
527941296,71,353750000000000.0,0
527941296,76,50000000000000.0,0
571520908,6,800000000000000.0,0
571520908,7,800000000000000.0,0
571520908,8,100000000000000.0,0
571520908,9,200000000000000.0,0
571520908,10,300000000000000.0,0
571520908,11,400000000000000.0,0
571520908,12,499999969482421.9,0
571520908,13,600000000000000.0,0
571520908,14,700000000000000.0,0
571520908,15,800000000000000.0,0
571520908,16,900000000000000.0,0
571520908,17,999999938964843.8,0
571520908,18,1100000000000000.0,1
571520908,19,1050000000000000.0,1
571520908,20,1030000000000000.0,0
571520908,21,1040000000000000.0,0
571520908,22,1050000000000000.0,0
571520908,23,1060000000000000.0,1
571520908,24,1060000000000000.0,0
571520908,25,1060000000000000.0,0
571520908,27,1080000000000000.0,1
571520908,29,1080000000000000.0,1
571520908,33,1080000000000000.0,0
571520908,34,1080000000000000.0,0
571520908,35,1100000000000000.0,1
571520908,36,1100000000000000.0,1
571520908,37,1100000000000000.0,1
571520908,38,1100000000000000.0,0
571520908,39,1100000000000000.0,0
571520908,40,1120000000000000.0,0
571520908,41,1140000000000000.0,0
571520908,42,1160000000000000.0,1
571520908,43,1160000000000000.0,1
571520908,44,1160000000000000.0,1
571520908,45,1160000000000000.0,1
571520908,46,160000000000000.0,0
571520908,47,140000000000000.0,0
571520908,48,120000000000000.0,0
571520908,49,100000000000000.0,0
571520908,50,80000000000000.0,0
571520908,51,60000000000000.0,0
571520908,52,50000000000000.0,0
571520908,53,50000000000000.0,0
571520908,54,50000000000000.0,0
571520908,55,70000000000000.0,0
571520908,56,90000000000000.0,1
571520908,57,110000000000000.0,4
571520908,60,170000000000000.0,11
571520908,61,190000000000000.0,13
571520908,63,230000000000000.0,18
571520908,64,80000000000000.0,0
571520908,66,100000000000000.0,1
571520908,67,100000000000000.0,2
571520908,68,100000000000000.0,1
571520908,69,100000000000000.0,1
571520908,70,100000000000000.0,1
571520908,71,140000000000000.0,8
571520908,72,140000000000000.0,7
571520908,78,400000000000000.0,0
571520908,79,400000000000000.0,0
571520908,80,400000000000000.0,0
571520908,81,400000000000000.0,0
571520908,83,400000000000000.0,0
571520908,84,400000000000000.0,0
571520908,85,400000000000000.0,0
571520908,86,400000000000000.0,0
571520908,87,400000000000000.0,0
571520908,91,50000000000000.0,0
488400343,5,800000000000000.0,0
488400343,6,800000000000000.0,0
488400343,7,800000000000000.0,0
488400343,8,100000000000000.0,0
488400343,9,200000000000000.0,0
488400343,10,300000000000000.0,0
488400343,11,400000000000000.0,0
488400343,12,499999969482421.9,0
488400343,13,600000000000000.0,1
488400343,14,550000000000000.0,0
488400343,15,570000000000000.0,0
488400343,16,590000000000000.0,1
488400343,17,580000000000000.0,1
488400343,18,570000000000000.0,1
488400343,19,560000000000000.0,1
488400343,20,550000000000000.0,0
488400343,21,560000000000000.0,0
488400343,22,570000000000000.0,0
488400343,23,580000000000000.0,1
488400343,24,580000000000000.0,1
488400343,25,580000000000000.0,1
488400343,26,580000000000000.0,0
488400343,27,580000000000000.0,1
488400343,28,160000000000000.0,0
488400343,30,120000000000000.0,0
488400343,33,60000000000000.0,0
488400343,34,50000000000000.0,0
488400343,35,50000000000000.0,0
488400343,36,50000000000000.0,0
488400343,37,70000000000000.0,0
488400343,38,90000000000000.0,0
488400343,39,110000000000000.0,0
488400343,40,130000000000000.0,0
488400343,41,150000000000000.0,0
488400343,42,170000000000000.0,1
488400343,43,190000000000000.0,1
488400343,44,209999984741210.94,2
488400343,45,230000000000000.0,5
488400343,46,249999984741210.94,30
488400343,47,270000000000000.0,41
488400343,48,290000000000000.0,49
488400343,49,310000000000000.0,55
488400343,50,160000000000000.0,0
488400343,51,170000000000000.0,1
488400343,52,170000000000000.0,1
488400343,53,170000000000000.0,1
488400343,54,170000000000000.0,0
488400343,55,170000000000000.0,0
488400343,56,180000000000000.0,1
488400343,57,180000000000000.0,1
488400343,58,180000000000000.0,1
488400343,59,417249969482421.9,0
488400343,60,424375000000000.0,0
488400343,69,50000000000000.0,0
537284228,4,800000000000000.0,0
537284228,5,800000000000000.0,0
537284228,6,800000000000000.0,0
537284228,7,100000000000000.0,0
537284228,8,200000000000000.0,0
537284228,9,300000000000000.0,0
537284228,10,400000000000000.0,0
537284228,11,499999969482421.9,0
537284228,12,600000000000000.0,0
537284228,13,700000000000000.0,0
537284228,14,800000000000000.0,0
537284228,15,900000000000000.0,0
537284228,16,999999938964843.8,0
537284228,17,1100000000000000.0,0
537284228,18,1200000000000000.0,0
537284228,19,1300000000000000.0,0
537284228,20,1400000000000000.0,0
537284228,21,1500000000000000.0,0
537284228,22,1600000000000000.0,0
537284228,23,1700000000000000.0,0
537284228,24,1800000000000000.0,0
537284228,25,1899999877929687.5,0
537284228,26,1999999877929687.5,0
537284228,27,2100000000000000.0,0
537284228,28,2200000000000000.0,0
537284228,29,2300000000000000.0,0
537284228,30,2400000000000000.0,0
537284228,31,2500000000000000.0,0
537284228,32,2600000000000000.0,0
537284228,33,2700000000000000.0,0
537284228,34,2800000000000000.0,0
537284228,35,2900000000000000.0,0
537284228,36,3000000000000000.0,0
537284228,37,3100000000000000.0,1
537284228,38,3050000000000000.0,1
537284228,39,3030000000000000.0,1
537284228,40,3010000000000000.0,1
537284228,41,3000000000000000.0,0
537284228,42,3010000000000000.0,0
537284228,43,3020000000000000.0,0
537284228,44,3030000000000000.0,0
537284228,45,3040000000000000.0,0
537284228,46,3050000000000000.0,0
537284228,47,3100000000000000.0,0
537284228,48,3200000000000000.0,1
537284228,49,3110000000000000.0,0
537284228,50,3130000000000000.0,1
537284228,51,3120000000000000.0,0
537284228,52,3120000000000000.0,0
537284228,53,3130000000000000.0,0
537284228,54,3150000000000000.0,0
537284228,55,3170000000000000.0,0
537284228,56,3190000000000000.0,1
537284228,57,3180000000000000.0,0
537284228,58,3190000000000000.0,0
537284228,59,3200000000000000.0,0
537284228,60,3210000000000000.0,1
537284228,61,3210000000000000.0,1
537284228,62,3210000000000000.0,1
537284228,63,3210000000000000.0,0
537284228,64,3210000000000000.0,0
537284228,65,160000000000000.0,0
537284228,66,140000000000000.0,0
537284228,67,120000000000000.0,0
537284228,68,100000000000000.0,0
537284228,69,80000000000000.0,0
537284228,70,60000000000000.0,0
537284228,71,50000000000000.0,0
537284228,72,50000000000000.0,0
537284228,73,50000000000000.0,0
537284228,74,70000000000000.0,0
537284228,75,90000000000000.0,0
537284228,76,110000000000000.0,0
537284228,77,130000000000000.0,0
537284228,78,150000000000000.0,0
537284228,79,170000000000000.0,0
537284228,80,190000000000000.0,0
537284228,81,210000000000000.0,0
537284228,82,230000000000000.0,0
537284228,83,249999984741210.94,0
537284228,84,270000000000000.0,0
537284228,85,290000000000000.0,0
537284228,86,310000000000000.0,0
537284228,87,330000000000000.0,0
537284228,88,350000000000000.0,0
537284228,89,370000000000000.0,0
537284228,90,390000000000000.0,0
537284228,91,410000000000000.0,0
537284228,92,430000000000000.0,1
537284228,93,450000000000000.0,2
537284228,94,469999969482421.9,2
537284228,95,489999969482421.9,2
537284228,96,509999969482421.9,3
537284228,97,530000000000000.0,4
537284228,98,550000000000000.0,5
537284228,99,570000000000000.0,5
537284228,100,400000000000000.0,0
537284228,101,410000000000000.0,0
537284228,102,420000000000000.0,0
537284228,103,430000000000000.0,1
537284228,104,430000000000000.0,1
537284228,105,430000000000000.0,1
537284228,106,430000000000000.0,1
537284228,107,996625000000000.0,0
537284228,108,1013749938964843.8,0
537284228,109,996625000000000.0,0
537284228,110,1013749938964843.8,0
537284228,111,996625000000000.0,0
537284228,112,1013749938964843.8,0
537284228,113,996625000000000.0,0
537284228,114,1013749938964843.8,0
537284228,116,400000000000000.0,0
537284228,117,400000000000000.0,0
537284228,120,50000000000000.0,0
571517193,5,800000000000000.0,0
571517193,6,800000000000000.0,0
571517193,7,800000000000000.0,0
571517193,8,300000000000000.0,0
571517193,9,600000000000000.0,0
571517193,10,900000000000000.0,0
571517193,11,1200000000000000.0,0
571517193,12,1500000000000000.0,0
571517193,13,1800000000000000.0,0
571517193,14,2100000000000000.0,1
571517193,15,2050000000000000.0,1
571517193,16,1999999877929687.5,1
571517193,17,1949999877929687.5,1
571517193,18,1899999877929687.5,1
571517193,19,1850000000000000.0,0
571517193,20,1879999877929687.5,0
571517193,21,1889999877929687.5,0
571517193,22,1899999877929687.5,1
571517193,23,1899999877929687.5,0
571517193,24,1899999877929687.5,0
571517193,25,1899999877929687.5,0
571517193,26,1919999877929687.5,0
571517193,27,1939999877929687.5,1
571517193,28,1939999877929687.5,1
571517193,29,1939999877929687.5,1
571517193,30,1939999877929687.5,1
571517193,31,1939999877929687.5,1
571517193,32,1939999877929687.5,0
571517193,33,1939999877929687.5,0
571517193,34,1959999877929687.5,1
571517193,35,1959999877929687.5,1
571517193,36,1959999877929687.5,1
571517193,37,1959999877929687.5,1
571517193,38,1959999877929687.5,1
571517193,39,1959999877929687.5,1
571517193,40,1959999877929687.5,1
571517193,41,1959999877929687.5,1
571517193,42,270000000000000.0,0
571517193,43,230000000000000.0,0
571517193,44,190000000000000.0,0
571517193,45,150000000000000.0,0
571517193,46,110000000000000.0,0
571517193,47,70000000000000.0,0
571517193,48,50000000000000.0,0
571517193,49,59999996185302.734,0
571517193,50,100000000000000.0,0
571517193,51,140000000000000.0,0
571517193,52,180000000000000.0,0
571517193,53,220000000000000.0,0
571517193,54,260000000000000.0,1
571517193,55,300000000000000.0,1
571517193,56,340000000000000.0,6
571517193,57,380000000000000.0,8
571517193,58,420000000000000.0,10
571517193,59,460000000000000.0,13
571517193,60,499999969482421.9,15
571517193,61,540000000000000.0,17
571517193,62,580000000000000.0,18
571517193,63,249999984741210.94,0
571517193,64,260000000000000.0,1
571517193,65,260000000000000.0,1
571517193,66,260000000000000.0,1
571517193,67,260000000000000.0,1
571517193,68,260000000000000.0,1
571517193,69,260000000000000.0,1
571517193,70,300000000000000.0,2
571517193,71,300000000000000.0,1
571517193,72,340000000000000.0,5
571517193,73,340000000000000.0,6
571517193,74,602625000000000.0,0
571517193,75,613000000000000.0,0
571517193,76,602625000000000.0,0
571517193,77,613000000000000.0,0
571517193,80,400000000000000.0,0
571517193,81,400000000000000.0,0
571517193,82,400000000000000.0,0
571517193,83,400000000000000.0,0
571517193,84,400000000000000.0,0
571517193,85,400000000000000.0,0
571517193,86,400000000000000.0,0
571517193,87,400000000000000.0,0
571517193,88,400000000000000.0,0
571517193,89,400000000000000.0,0
571517193,93,50000000000000.0,0
576120017,4,800000000000000.0,0
576120017,5,800000000000000.0,0
576120017,6,800000000000000.0,0
576120017,7,100000000000000.0,0
576120017,8,200000000000000.0,0
576120017,9,300000000000000.0,0
576120017,10,400000000000000.0,0
576120017,11,499999969482421.9,0
576120017,12,600000000000000.0,0
576120017,13,700000000000000.0,1
576120017,14,600000000000000.0,0
576120017,15,620000000000000.0,0
576120017,16,640000000000000.0,0
576120017,17,660000000000000.0,0
576120017,19,680000000000000.0,0
576120017,20,680000000000000.0,1
576120017,21,680000000000000.0,0
576120017,22,680000000000000.0,0
576120017,23,680000000000000.0,0
576120017,24,680000000000000.0,1
576120017,25,690000000000000.0,1
576120017,26,690000000000000.0,0
576120017,27,690000000000000.0,0
576120017,28,690000000000000.0,0
576120017,29,690000000000000.0,0
576120017,30,690000000000000.0,0
576120017,31,700000000000000.0,0
576120017,32,700000000000000.0,1
576120017,33,700000000000000.0,0
576120017,34,700000000000000.0,0
576120017,35,700000000000000.0,0
576120017,36,700000000000000.0,0
576120017,37,160000000000000.0,0
576120017,38,140000000000000.0,0
576120017,39,120000000000000.0,0
576120017,40,100000000000000.0,0
576120017,41,80000000000000.0,0
576120017,42,60000000000000.0,0
576120017,43,50000000000000.0,0
576120017,44,50000000000000.0,0
576120017,45,50000000000000.0,1
576120017,46,70000000000000.0,3
576120017,47,90000000000000.0,9
576120017,48,110000000000000.0,13
576120017,49,130000000000000.0,19
576120017,50,150000000000000.0,28
576120017,53,50000000000000.0,0
576120017,54,50000000000000.0,0
576120017,55,59999996185302.734,1
576120017,56,59999996185302.734,1
576120017,58,59999996185302.734,1
576120017,59,100000000000000.0,7
576120017,60,100000000000000.0,10
576120017,61,100000000000000.0,7
576120017,63,139125000000000.0,0
576120017,64,141500000000000.0,0
576120017,68,400000000000000.0,0
576120017,69,400000000000000.0,0
576120017,70,400000000000000.0,0
576120017,71,400000000000000.0,0
576120017,72,400000000000000.0,0
576120017,73,400000000000000.0,0
576120017,74,400000000000000.0,0
576120017,76,400000000000000.0,0
576120017,78,710000000000000.0,0
576120017,79,710000000000000.0,0
576120017,81,710000000000000.0,0
576120017,82,710000000000000.0,0
576120017,83,710000000000000.0,0
576120017,84,710000000000000.0,0
576120017,85,710000000000000.0,0
576120017,86,710000000000000.0,0
576120017,87,710000000000000.0,0
576120017,88,710000000000000.0,0
576120017,89,710000000000000.0,0
576120017,91,710000000000000.0,0
576120017,92,710000000000000.0,0
576120017,93,710000000000000.0,0
576120017,94,710000000000000.0,0
576120017,95,710000000000000.0,0
576120017,96,710000000000000.0,0
576120017,97,710000000000000.0,0
576120017,101,50000000000000.0,0
576120017,102,50000000000000.0,0
576120017,103,50000000000000.0,0
539556162,5,800000000000000.0,0
539556162,6,800000000000000.0,0
539556162,7,800000000000000.0,0
539556162,8,100000000000000.0,0
539556162,9,200000000000000.0,0
539556162,10,300000000000000.0,0
539556162,11,400000000000000.0,0
539556162,12,499999969482421.9,0
539556162,13,600000000000000.0,0
539556162,14,700000000000000.0,0
539556162,15,800000000000000.0,0
539556162,16,900000000000000.0,0
539556162,17,999999938964843.8,0
539556162,18,1100000000000000.0,0
539556162,19,1200000000000000.0,0
539556162,20,1300000000000000.0,0
539556162,21,1400000000000000.0,0
539556162,22,1500000000000000.0,0
539556162,23,1600000000000000.0,0
539556162,24,1700000000000000.0,0
539556162,25,1800000000000000.0,0
539556162,26,1899999877929687.5,0
539556162,27,1999999877929687.5,0
539556162,28,2100000000000000.0,0
539556162,29,2200000000000000.0,0
539556162,30,2300000000000000.0,1
539556162,31,2250000000000000.0,0
539556162,32,2270000000000000.0,1
539556162,33,2270000000000000.0,1
539556162,34,2270000000000000.0,0
539556162,35,2270000000000000.0,1
539556162,36,2270000000000000.0,0
539556162,37,2270000000000000.0,0
539556162,38,2280000000000000.0,0
539556162,39,2290000000000000.0,0
539556162,40,2320000000000000.0,1
539556162,41,2300000000000000.0,0
539556162,42,2320000000000000.0,1
539556162,43,2320000000000000.0,1
539556162,44,2320000000000000.0,1
539556162,45,2320000000000000.0,1
539556162,46,2320000000000000.0,1
539556162,47,2320000000000000.0,1
539556162,48,160000000000000.0,0
539556162,49,140000000000000.0,0
539556162,50,120000000000000.0,0
539556162,51,100000000000000.0,0
539556162,52,80000000000000.0,0
539556162,53,60000000000000.0,0
539556162,54,50000000000000.0,0
539556162,55,50000000000000.0,0
539556162,56,50000000000000.0,0
539556162,57,70000000000000.0,0
539556162,58,90000000000000.0,0
539556162,59,110000000000000.0,0
539556162,60,130000000000000.0,0
539556162,61,150000000000000.0,0
539556162,62,170000000000000.0,0
539556162,63,190000000000000.0,0
539556162,64,210000000000000.0,0
539556162,65,230000000000000.0,0
539556162,66,249999984741210.94,0
539556162,67,270000000000000.0,0
539556162,68,290000000000000.0,0
539556162,69,310000000000000.0,0
539556162,70,330000000000000.0,0
539556162,71,350000000000000.0,0
539556162,72,370000000000000.0,0
539556162,73,390000000000000.0,0
539556162,74,410000000000000.0,1
539556162,75,430000000000000.0,2
539556162,76,450000000000000.0,2
539556162,77,469999969482421.9,2
539556162,78,489999969482421.9,2
539556162,79,509999969482421.9,4
539556162,80,530000000000000.0,6
539556162,81,550000000000000.0,7
539556162,82,400000000000000.0,1
539556162,83,390000000000000.0,0
539556162,84,400000000000000.0,1
539556162,85,400000000000000.0,1
539556162,86,400000000000000.0,1
539556162,87,400000000000000.0,1
539556162,88,927125000000000.0,0
539556162,89,943000000000000.0,0
539556162,90,927125000000000.0,0
539556162,91,943000000000000.0,0
539556162,92,927125000000000.0,0
539556162,93,943000000000000.0,0
539556162,94,927125000000000.0,0
539556162,95,943000000000000.0,0
539556162,97,400000000000000.0,0
539556162,98,400000000000000.0,0
539556162,101,50000000000000.0,0
528611949,5,800000000000000.0,0
528611949,7,150000000000000.0,0
528611949,8,250000000000000.0,0
528611949,9,350000000000000.0,1
528611949,10,300000000000000.0,0
528611949,11,320000000000000.0,0
528611949,12,340000000000000.0,0
528611949,13,360000000000000.0,0
528611949,14,380000000000000.0,1
528611949,15,370000000000000.0,1
528611949,16,370000000000000.0,0
528611949,17,380000000000000.0,1
528611949,18,380000000000000.0,1
528611949,19,380000000000000.0,1
528611949,20,380000000000000.0,0
528611949,21,380000000000000.0,0
528611949,22,390000000000000.0,0
528611949,23,400000000000000.0,1
528611949,24,400000000000000.0,1
528611949,25,400000000000000.0,0
528611949,26,410000000000000.0,1
528611949,28,410000000000000.0,1
528611949,29,410000000000000.0,1
528611949,30,410000000000000.0,0
528611949,31,410000000000000.0,0
528611949,32,410000000000000.0,0
528611949,33,410000000000000.0,1
528611949,34,110000000000000.0,0
528611949,35,90000000000000.0,0
528611949,37,50000000000000.0,0
528611949,38,50000000000000.0,0
528611949,39,50000000000000.0,0
528611949,40,60000000000000.0,0
528611949,41,80000000000000.0,0
528611949,42,100000000000000.0,6
528611949,43,120000000000000.0,11
528611949,44,140000000000000.0,16
528611949,45,160000000000000.0,19
528611949,46,180000000000000.0,23
528611949,47,200000000000000.0,27
528611949,48,220000000000000.0,29
528611949,49,240000000000000.0,33
528611949,50,90000000000000.0,1
528611949,51,90000000000000.0,1
528611949,53,90000000000000.0,1
528611949,54,90000000000000.0,1
528611949,55,142750000000000.0,0
528611949,56,144250000000000.0,0
528611949,57,142750000000000.0,0
528611949,58,144250000000000.0,0
528611949,59,142750000000000.0,0
528611949,61,142750000000000.0,0
528611949,62,144250000000000.0,0
528611949,64,400000000000000.0,0
528611949,65,400000000000000.0,0
528611949,69,120000000000000.0,2
528611949,70,120000000000000.0,2
528611949,71,120000000000000.0,1
528611949,72,120000000000000.0,1
528611949,73,120000000000000.0,2
528611949,74,160000000000000.0,15
528611949,75,160000000000000.0,14
528611949,76,160000000000000.0,15
528611949,77,160000000000000.0,13
528611949,78,200000000000000.0,23
528611949,80,200000000000000.0,22
528611949,81,200000000000000.0,22
528611949,82,410000000000000.0,0
528611949,83,440000000000000.0,0
528611949,84,460000000000000.0,1
528611949,85,450000000000000.0,0
528611949,86,460000000000000.0,1
528611949,87,460000000000000.0,0
528611949,88,470000000000000.0,0
528611949,89,470000000000000.0,0
528611949,90,480000000000000.0,0
528611949,91,480000000000000.0,0
528611949,92,480000000000000.0,0
528611949,93,480000000000000.0,0
528611949,94,480000000000000.0,0
528611949,95,480000000000000.0,0
528611949,96,480000000000000.0,0
528611949,97,480000000000000.0,0
528611949,98,480000000000000.0,0
528611949,99,480000000000000.0,0
528611949,100,480000000000000.0,0
528611949,101,480000000000000.0,0
528611949,102,480000000000000.0,0
528611949,103,480000000000000.0,0
528611949,104,480000000000000.0,0
528611949,105,480000000000000.0,0
528611949,106,480000000000000.0,0
528611949,107,480000000000000.0,0
528611949,108,480000000000000.0,0
528611949,109,480000000000000.0,0
528611949,110,480000000000000.0,0
528611949,113,50000000000000.0,0
526725807,4,800000000000000.0,0
526725807,5,800000000000000.0,0
526725807,6,800000000000000.0,0
526725807,7,100000000000000.0,0
526725807,8,200000000000000.0,0
526725807,9,300000000000000.0,0
526725807,10,400000000000000.0,0
526725807,11,499999969482421.9,0
526725807,12,600000000000000.0,0
526725807,13,700000000000000.0,0
526725807,14,800000000000000.0,0
526725807,15,900000000000000.0,0
526725807,16,999999938964843.8,0
526725807,17,1100000000000000.0,0
526725807,18,1200000000000000.0,0
526725807,19,1300000000000000.0,0
526725807,20,1400000000000000.0,0
526725807,21,1500000000000000.0,0
526725807,22,1600000000000000.0,0
526725807,23,1700000000000000.0,0
526725807,24,1800000000000000.0,0
526725807,25,1899999877929687.5,0
526725807,26,1999999877929687.5,0
526725807,27,2100000000000000.0,0
526725807,28,2200000000000000.0,0
526725807,29,2300000000000000.0,0
526725807,30,2400000000000000.0,0
526725807,31,2500000000000000.0,0
526725807,32,2600000000000000.0,0
526725807,33,2700000000000000.0,2
526725807,34,2650000000000000.0,0
526725807,35,2670000000000000.0,2
526725807,36,2660000000000000.0,0
526725807,37,2670000000000000.0,0
526725807,38,2680000000000000.0,0
526725807,39,2690000000000000.0,0
526725807,40,2700000000000000.0,0
526725807,41,2730000000000000.0,0
526725807,42,2750000000000000.0,2
526725807,43,2750000000000000.0,2
526725807,44,2750000000000000.0,2
526725807,45,2750000000000000.0,2
526725807,46,2750000000000000.0,2
526725807,47,160000000000000.0,0
526725807,48,140000000000000.0,0
526725807,49,120000000000000.0,0
526725807,50,100000000000000.0,0
526725807,51,80000000000000.0,0
526725807,53,50000000000000.0,0
526725807,54,50000000000000.0,0
526725807,55,50000000000000.0,0
526725807,56,70000000000000.0,0
526725807,57,90000000000000.0,0
526725807,58,110000000000000.0,0
526725807,59,130000000000000.0,0
526725807,60,150000000000000.0,0
526725807,61,170000000000000.0,0
526725807,62,190000000000000.0,0
526725807,63,210000000000000.0,0
526725807,64,230000000000000.0,0
526725807,65,249999984741210.94,0
526725807,66,270000000000000.0,2
526725807,67,290000000000000.0,2
526725807,68,310000000000000.0,2
526725807,69,330000000000000.0,2
526725807,70,350000000000000.0,3
526725807,71,370000000000000.0,2
526725807,72,390000000000000.0,4
526725807,73,410000000000000.0,5
526725807,74,260000000000000.0,0
526725807,75,270000000000000.0,1
526725807,76,270000000000000.0,0
526725807,77,280000000000000.0,1
526725807,78,280000000000000.0,1
526725807,79,280000000000000.0,1
526725807,80,280000000000000.0,1
526725807,82,660125000000000.0,0
526725807,84,660125000000000.0,0
526725807,85,649000000000000.0,0
526725807,86,660125000000000.0,0
526725807,90,400000000000000.0,0
526725807,91,400000000000000.0,0
526725807,92,280000000000000.0,0
526725807,94,330000000000000.0,0
526725807,95,350000000000000.0,1
526725807,96,350000000000000.0,1
526725807,97,350000000000000.0,1
526725807,98,350000000000000.0,1
526725807,99,350000000000000.0,1
526725807,100,390000000000000.0,1
526725807,101,390000000000000.0,1
526725807,102,390000000000000.0,1
526725807,103,390000000000000.0,1
526725807,104,430000000000000.0,2
526725807,105,430000000000000.0,2
526725807,106,430000000000000.0,2
526725807,110,50000000000000.0,0
526727406,4,800000000000000.0,0
526727406,5,800000000000000.0,0
526727406,6,800000000000000.0,0
526727406,7,100000000000000.0,0
526727406,8,200000000000000.0,0
526727406,9,300000000000000.0,0
526727406,10,400000000000000.0,0
526727406,11,499999969482421.9,0
526727406,12,600000000000000.0,0
526727406,13,700000000000000.0,0
526727406,14,800000000000000.0,0
526727406,15,900000000000000.0,0
526727406,16,999999938964843.8,0
526727406,17,1100000000000000.0,0
526727406,18,1200000000000000.0,0
526727406,19,1300000000000000.0,0
526727406,20,1400000000000000.0,0
526727406,21,1500000000000000.0,0
526727406,22,1600000000000000.0,0
526727406,23,1700000000000000.0,0
526727406,24,1800000000000000.0,0
526727406,25,1899999877929687.5,0
526727406,26,1999999877929687.5,0
526727406,27,2100000000000000.0,0
526727406,28,2200000000000000.0,0
526727406,29,2300000000000000.0,0
526727406,30,2400000000000000.0,0
526727406,31,2500000000000000.0,0
526727406,32,2600000000000000.0,0
526727406,33,2700000000000000.0,0
526727406,34,2800000000000000.0,0
526727406,35,2900000000000000.0,0
526727406,36,3000000000000000.0,0
526727406,37,3100000000000000.0,0
526727406,38,3200000000000000.0,1
526727406,39,3150000000000000.0,1
526727406,40,3110000000000000.0,0
526727406,41,3120000000000000.0,0
526727406,42,3130000000000000.0,0
526727406,43,3140000000000000.0,0
526727406,44,3150000000000000.0,0
526727406,45,3160000000000000.0,0
526727406,46,3170000000000000.0,0
526727406,47,3190000000000000.0,0
526727406,48,3200000000000000.0,0
526727406,49,3250000000000000.0,1
526727406,50,3230000000000000.0,1
526727406,51,3210000000000000.0,1
526727406,52,3210000000000000.0,1
526727406,53,3210000000000000.0,1
526727406,54,3210000000000000.0,1
526727406,55,3210000000000000.0,1
526727406,56,160000000000000.0,0
526727406,57,140000000000000.0,0
526727406,58,120000000000000.0,0
526727406,59,100000000000000.0,0
526727406,60,80000000000000.0,0
526727406,61,60000000000000.0,0
526727406,62,50000000000000.0,0
526727406,63,50000000000000.0,0
526727406,64,50000000000000.0,0
526727406,65,70000000000000.0,0
526727406,66,90000000000000.0,0
526727406,67,110000000000000.0,0
526727406,68,130000000000000.0,0
526727406,69,150000000000000.0,0
526727406,70,170000000000000.0,0
526727406,71,190000000000000.0,0
526727406,72,210000000000000.0,0
526727406,73,230000000000000.0,0
526727406,75,270000000000000.0,0
526727406,76,290000000000000.0,0
526727406,77,310000000000000.0,3
526727406,78,330000000000000.0,5
526727406,79,350000000000000.0,7
526727406,80,370000000000000.0,8
526727406,81,390000000000000.0,10
526727406,82,410000000000000.0,11
526727406,83,430000000000000.0,12
526727406,84,450000000000000.0,13
526727406,85,280000000000000.0,0
526727406,86,300000000000000.0,1
526727406,87,290000000000000.0,0
526727406,88,300000000000000.0,1
526727406,89,300000000000000.0,1
526727406,90,300000000000000.0,1
526727406,91,300000000000000.0,1
526727406,92,695375000000000.0,0
526727406,93,707250000000000.0,0
526727406,94,695375000000000.0,0
526727406,95,707250000000000.0,0
526727406,96,695375000000000.0,0
526727406,97,707250000000000.0,0
526727406,98,695375000000000.0,0
526727406,99,707250000000000.0,0
526727406,101,400000000000000.0,0
526727406,102,400000000000000.0,0
526727406,105,50000000000000.0,0
571642127,8,800000000000000.0,0
571642127,9,800000000000000.0,0
571642127,10,100000000000000.0,0
571642127,11,200000000000000.0,0
571642127,12,300000000000000.0,0
571642127,13,400000000000000.0,0
571642127,14,499999969482421.9,0
571642127,15,600000000000000.0,0
571642127,16,700000000000000.0,0
571642127,17,800000000000000.0,0
571642127,18,900000000000000.0,1
571642127,19,850000000000000.0,0
571642127,20,870000000000000.0,0
571642127,21,890000000000000.0,0
571642127,22,900000000000000.0,0
571642127,23,910000000000000.0,0
571642127,24,930000000000000.0,0
571642127,25,949999938964843.8,0
571642127,26,969999938964843.8,0
571642127,27,999999938964843.8,2
571642127,28,989999938964843.8,2
571642127,29,979999938964843.8,0
571642127,30,989999938964843.8,0
571642127,31,999999938964843.8,2
571642127,32,999999938964843.8,1
571642127,34,999999938964843.8,0
571642127,35,999999938964843.8,0
571642127,36,999999938964843.8,1
571642127,37,999999938964843.8,0
571642127,38,999999938964843.8,0
571642127,39,1009999938964843.8,2
571642127,40,1009999938964843.8,2
571642127,41,1009999938964843.8,0
571642127,42,1009999938964843.8,0
571642127,44,160000000000000.0,0
571642127,45,140000000000000.0,0
571642127,46,120000000000000.0,0
571642127,47,100000000000000.0,0
571642127,48,80000000000000.0,0
571642127,49,60000000000000.0,0
571642127,50,50000000000000.0,0
571642127,51,50000000000000.0,0
571642127,52,50000000000000.0,0
571642127,53,70000000000000.0,1
571642127,54,90000000000000.0,1
571642127,55,110000000000000.0,3
571642127,56,130000000000000.0,5
571642127,58,170000000000000.0,11
571642127,61,59999996185302.734,0
571642127,62,70000000000000.0,0
571642127,63,80000000000000.0,0
571642127,64,90000000000000.0,1
571642127,65,90000000000000.0,1
571642127,66,90000000000000.0,1
571642127,67,90000000000000.0,1
571642127,68,90000000000000.0,1
571642127,69,90000000000000.0,1
571642127,70,208624984741210.94,0
571642127,71,212250000000000.0,0
571642127,72,208624984741210.94,0
571642127,73,212250000000000.0,0
571642127,75,400000000000000.0,0
571642127,76,400000000000000.0,0
571642127,78,400000000000000.0,0
571642127,79,400000000000000.0,0
571642127,80,400000000000000.0,0
571642127,81,400000000000000.0,0
571642127,82,400000000000000.0,0
571642127,83,400000000000000.0,0
571642127,84,400000000000000.0,0
571642127,88,50000000000000.0,0
548444436,5,800000000000000.0,0
548444436,6,800000000000000.0,0
548444436,7,800000000000000.0,0
548444436,10,300000000000000.0,0
548444436,13,450000000000000.0,0
548444436,14,469999969482421.9,0
548444436,15,479999969482421.9,0
548444436,16,489999969482421.9,1
548444436,17,489999969482421.9,1
548444436,18,489999969482421.9,1
548444436,19,489999969482421.9,1
548444436,21,160000000000000.0,0
548444436,22,140000000000000.0,0
548444436,23,120000000000000.0,0
548444436,24,100000000000000.0,0
548444436,25,80000000000000.0,0
548444436,26,60000000000000.0,0
548444436,27,50000000000000.0,0
548444436,28,50000000000000.0,0
548444436,29,50000000000000.0,0
548444436,30,70000000000000.0,0
548444436,31,90000000000000.0,0
548444436,32,110000000000000.0,0
548444436,33,130000000000000.0,5
548444436,34,150000000000000.0,24
548444436,35,170000000000000.0,36
548444436,36,190000000000000.0,45
548444436,37,210000000000000.0,55
548444436,38,230000000000000.0,66
548444436,39,249999984741210.94,75
548444436,40,270000000000000.0,85
548444436,41,119999992370605.47,0
548444436,42,130000000000000.0,4
548444436,43,130000000000000.0,9
548444436,44,130000000000000.0,8
548444436,45,130000000000000.0,7
548444436,46,301375000000000.0,0
548444436,47,306500000000000.0,0
548444436,48,301375000000000.0,0
548444436,49,306500000000000.0,0
548444436,50,301375000000000.0,0
548444436,51,306500000000000.0,0
548444436,52,301375000000000.0,0
548444436,55,400000000000000.0,0
548444436,56,400000000000000.0,0
548444436,59,50000000000000.0,0
548444436,60,50000000000000.0,0
520615638,4,800000000000000.0,0
520615638,5,800000000000000.0,0
520615638,6,800000000000000.0,0
520615638,7,100000000000000.0,0
520615638,8,200000000000000.0,0
520615638,9,300000000000000.0,0
520615638,10,400000000000000.0,0
520615638,11,499999969482421.9,0
520615638,12,600000000000000.0,0
520615638,13,700000000000000.0,0
520615638,14,800000000000000.0,0
520615638,15,900000000000000.0,0
520615638,16,999999938964843.8,0
520615638,17,1100000000000000.0,0
520615638,18,1200000000000000.0,0
520615638,19,1300000000000000.0,0
520615638,20,1400000000000000.0,0
520615638,21,1500000000000000.0,0
520615638,22,1600000000000000.0,0
520615638,23,1700000000000000.0,0
520615638,24,1800000000000000.0,0
520615638,25,1899999877929687.5,0
520615638,26,1999999877929687.5,0
520615638,27,2100000000000000.0,0
520615638,28,2200000000000000.0,2
520615638,29,2150000000000000.0,2
520615638,30,2130000000000000.0,2
520615638,31,2110000000000000.0,0
520615638,32,2120000000000000.0,0
520615638,33,2150000000000000.0,0
520615638,34,2170000000000000.0,2
520615638,35,2160000000000000.0,2
520615638,36,2160000000000000.0,0
520615638,37,2170000000000000.0,2
520615638,38,2170000000000000.0,2
520615638,39,2170000000000000.0,0
520615638,40,2180000000000000.0,2
520615638,41,2180000000000000.0,2
520615638,42,2180000000000000.0,2
520615638,43,2180000000000000.0,2
520615638,44,2180000000000000.0,2
520615638,45,160000000000000.0,0
520615638,46,140000000000000.0,0
520615638,47,120000000000000.0,0
520615638,48,100000000000000.0,0
520615638,49,80000000000000.0,0
520615638,51,50000000000000.0,0
520615638,52,50000000000000.0,0
520615638,53,50000000000000.0,0
520615638,54,70000000000000.0,0
520615638,55,90000000000000.0,0
520615638,57,130000000000000.0,0
520615638,59,170000000000000.0,0
520615638,60,190000000000000.0,2
520615638,61,210000000000000.0,2
520615638,62,230000000000000.0,2
520615638,64,270000000000000.0,3
520615638,66,310000000000000.0,6
520615638,67,330000000000000.0,7
520615638,68,180000000000000.0,2
520615638,69,160000000000000.0,0
520615638,70,170000000000000.0,0
520615638,71,180000000000000.0,2
520615638,72,180000000000000.0,1
520615638,73,180000000000000.0,1
520615638,74,180000000000000.0,2
520615638,75,417249969482421.9,0
520615638,76,424375000000000.0,0
520615638,77,417249969482421.9,0
520615638,78,424375000000000.0,0
520615638,79,417249969482421.9,0
520615638,80,424375000000000.0,0
520615638,81,417249969482421.9,0
520615638,82,424375000000000.0,0
520615638,85,50000000000000.0,0
539537094,5,800000000000000.0,0
539537094,6,800000000000000.0,0
539537094,7,800000000000000.0,0
539537094,8,100000000000000.0,0
539537094,9,200000000000000.0,0
539537094,10,300000000000000.0,0
539537094,11,400000000000000.0,0
539537094,12,499999969482421.9,0
539537094,13,600000000000000.0,0
539537094,14,700000000000000.0,0
539537094,15,800000000000000.0,0
539537094,16,900000000000000.0,0
539537094,17,999999938964843.8,0
539537094,18,1100000000000000.0,0
539537094,19,1200000000000000.0,0
539537094,20,1300000000000000.0,0
539537094,21,1400000000000000.0,0
539537094,22,1500000000000000.0,0
539537094,23,1600000000000000.0,0
539537094,24,1700000000000000.0,0
539537094,25,1800000000000000.0,0
539537094,26,1899999877929687.5,1
539537094,27,1850000000000000.0,0
539537094,28,1850000000000000.0,0
539537094,29,1869999877929687.5,0
539537094,30,1889999877929687.5,0
539537094,31,1899999877929687.5,0
539537094,32,1919999877929687.5,0
539537094,33,1939999877929687.5,0
539537094,34,1959999877929687.5,0
539537094,35,1979999877929687.5,0
539537094,36,2019999877929687.5,0
539537094,37,2080000000000000.0,1
539537094,38,2060000000000000.0,1
539537094,39,2039999877929687.5,0
539537094,40,2050000000000000.0,0
539537094,41,2060000000000000.0,0
539537094,42,2070000000000000.0,0
539537094,43,2090000000000000.0,0
539537094,44,2110000000000000.0,1
539537094,45,2110000000000000.0,1
539537094,46,2110000000000000.0,1
539537094,47,2110000000000000.0,0
539537094,48,2110000000000000.0,0
539537094,50,140000000000000.0,0
539537094,51,120000000000000.0,0
539537094,52,100000000000000.0,0
539537094,53,80000000000000.0,0
539537094,54,60000000000000.0,0
539537094,55,50000000000000.0,0
539537094,56,50000000000000.0,0
539537094,57,50000000000000.0,0
539537094,58,70000000000000.0,0
539537094,59,90000000000000.0,0
539537094,60,110000000000000.0,0
539537094,61,130000000000000.0,0
539537094,62,150000000000000.0,0
539537094,63,170000000000000.0,0
539537094,64,190000000000000.0,0
539537094,65,210000000000000.0,0
539537094,66,230000000000000.0,0
539537094,67,249999984741210.94,0
539537094,68,270000000000000.0,0
539537094,69,290000000000000.0,0
539537094,70,310000000000000.0,0
539537094,71,330000000000000.0,1
539537094,72,350000000000000.0,3
539537094,73,370000000000000.0,4
539537094,74,390000000000000.0,5
539537094,75,410000000000000.0,7
539537094,76,430000000000000.0,8
539537094,77,450000000000000.0,8
539537094,78,469999969482421.9,9
539537094,79,489999969482421.9,10
539537094,80,320000000000000.0,0
539537094,81,330000000000000.0,0
539537094,82,340000000000000.0,0
539537094,83,350000000000000.0,0
539537094,84,360000000000000.0,1
539537094,85,360000000000000.0,1
539537094,86,360000000000000.0,1
539537094,87,360000000000000.0,1
539537094,88,360000000000000.0,1
539537094,89,834375000000000.0,0
539537094,90,848750000000000.0,0
539537094,91,834375000000000.0,0
539537094,92,848750000000000.0,0
539537094,93,834375000000000.0,0
539537094,94,848750000000000.0,0
539537094,95,834375000000000.0,0
539537094,96,848750000000000.0,0
539537094,98,400000000000000.0,0
539537094,99,400000000000000.0,0
539537094,100,360000000000000.0,2
539537094,101,340000000000000.0,1
539537094,102,340000000000000.0,1
539537094,103,340000000000000.0,1
539537094,104,340000000000000.0,1
539537094,105,380000000000000.0,2
539537094,106,380000000000000.0,1
539537094,107,380000000000000.0,1
539537094,109,420000000000000.0,4
539537094,110,420000000000000.0,3
539537094,111,420000000000000.0,2
539537094,112,420000000000000.0,2
539537094,117,50000000000000.0,0
525023625,4,800000000000000.0,0
525023625,5,800000000000000.0,0
525023625,6,800000000000000.0,0
525023625,7,100000000000000.0,0
525023625,8,200000000000000.0,0
525023625,9,300000000000000.0,0
525023625,10,400000000000000.0,0
525023625,11,499999969482421.9,0
525023625,12,600000000000000.0,0
525023625,13,700000000000000.0,0
525023625,14,800000000000000.0,0
525023625,15,900000000000000.0,0
525023625,16,999999938964843.8,0
525023625,17,1100000000000000.0,0
525023625,18,1200000000000000.0,0
525023625,19,1300000000000000.0,0
525023625,20,1400000000000000.0,0
525023625,21,1500000000000000.0,0
525023625,22,1600000000000000.0,0
525023625,23,1700000000000000.0,0
525023625,24,1800000000000000.0,0
525023625,25,1899999877929687.5,0
525023625,26,1999999877929687.5,0
525023625,27,2100000000000000.0,0
525023625,28,2200000000000000.0,0
525023625,29,2300000000000000.0,0
525023625,30,2400000000000000.0,1
525023625,31,2350000000000000.0,1
525023625,32,2330000000000000.0,0
525023625,33,2340000000000000.0,0
525023625,34,2350000000000000.0,0
525023625,35,2360000000000000.0,0
525023625,36,2370000000000000.0,0
525023625,37,2380000000000000.0,0
525023625,38,2390000000000000.0,0
525023625,39,2410000000000000.0,0
525023625,40,2430000000000000.0,0
525023625,41,2450000000000000.0,0
525023625,42,2500000000000000.0,1
525023625,43,2490000000000000.0,1
525023625,44,2480000000000000.0,1
525023625,45,2470000000000000.0,0
525023625,46,2480000000000000.0,0
525023625,47,2490000000000000.0,1
525023625,48,2490000000000000.0,1
525023625,49,2490000000000000.0,1
525023625,50,2490000000000000.0,1
525023625,51,2490000000000000.0,0
525023625,52,160000000000000.0,0
525023625,53,140000000000000.0,0
525023625,54,120000000000000.0,0
525023625,55,100000000000000.0,0
525023625,56,80000000000000.0,0
525023625,57,60000000000000.0,0
525023625,58,50000000000000.0,0
525023625,59,50000000000000.0,0
525023625,60,50000000000000.0,0
525023625,61,70000000000000.0,0
525023625,62,90000000000000.0,0
525023625,63,110000000000000.0,0
525023625,64,130000000000000.0,0
525023625,65,150000000000000.0,0
525023625,66,170000000000000.0,0
525023625,67,190000000000000.0,0
525023625,68,210000000000000.0,0
525023625,69,230000000000000.0,0
525023625,70,249999984741210.94,0
525023625,71,270000000000000.0,0
525023625,72,290000000000000.0,0
525023625,73,310000000000000.0,0
525023625,74,330000000000000.0,0
525023625,75,350000000000000.0,0
525023625,76,370000000000000.0,0
525023625,77,390000000000000.0,0
525023625,78,410000000000000.0,0
525023625,79,430000000000000.0,1
525023625,80,450000000000000.0,2
525023625,81,469999969482421.9,2
525023625,82,489999969482421.9,2
525023625,83,509999969482421.9,2
525023625,84,530000000000000.0,3
525023625,85,550000000000000.0,4
525023625,86,570000000000000.0,5
525023625,87,420000000000000.0,0
525023625,88,430000000000000.0,1
525023625,89,430000000000000.0,1
525023625,90,430000000000000.0,1
525023625,91,430000000000000.0,1
525023625,92,996875000000000.0,0
525023625,93,1013749938964843.8,0
525023625,94,996875000000000.0,0
525023625,95,1013749938964843.8,0
525023625,96,996875000000000.0,0
525023625,97,1013749938964843.8,0
525023625,98,996875000000000.0,0
525023625,99,1013749938964843.8,0
525023625,101,400000000000000.0,0
525023625,102,400000000000000.0,0
525023625,105,50000000000000.0,0
528602977,4,800000000000000.0,0
528602977,5,800000000000000.0,0
528602977,6,800000000000000.0,0
528602977,7,100000000000000.0,0
528602977,8,200000000000000.0,0
528602977,9,300000000000000.0,0
528602977,10,400000000000000.0,0
528602977,11,499999969482421.9,0
528602977,12,600000000000000.0,0
528602977,13,700000000000000.0,0
528602977,14,800000000000000.0,0
528602977,15,900000000000000.0,0
528602977,16,999999938964843.8,0
528602977,17,1100000000000000.0,0
528602977,18,1200000000000000.0,0
528602977,19,1300000000000000.0,0
528602977,20,1400000000000000.0,0
528602977,21,1500000000000000.0,0
528602977,22,1600000000000000.0,0
528602977,23,1700000000000000.0,0
528602977,24,1800000000000000.0,0
528602977,25,1899999877929687.5,0
528602977,26,1999999877929687.5,0
528602977,27,2100000000000000.0,0
528602977,28,2200000000000000.0,0
528602977,29,2300000000000000.0,0
528602977,30,2400000000000000.0,1
528602977,31,2350000000000000.0,1
528602977,32,2330000000000000.0,0
528602977,33,2340000000000000.0,1
528602977,34,2340000000000000.0,1
528602977,35,2340000000000000.0,1
528602977,36,2340000000000000.0,1
528602977,37,2340000000000000.0,1
528602977,38,160000000000000.0,0
528602977,39,140000000000000.0,0
528602977,40,120000000000000.0,0
528602977,41,100000000000000.0,0
528602977,42,80000000000000.0,0
528602977,43,60000000000000.0,0
528602977,44,50000000000000.0,0
528602977,45,50000000000000.0,0
528602977,46,50000000000000.0,0
528602977,47,70000000000000.0,0
528602977,48,90000000000000.0,0
528602977,49,110000000000000.0,0
528602977,50,130000000000000.0,0
528602977,51,150000000000000.0,0
528602977,52,170000000000000.0,0
528602977,53,190000000000000.0,0
528602977,54,210000000000000.0,0
528602977,55,230000000000000.0,0
528602977,56,249999984741210.94,0
528602977,57,270000000000000.0,0
528602977,58,290000000000000.0,0
528602977,59,310000000000000.0,1
528602977,60,330000000000000.0,1
528602977,61,350000000000000.0,1
528602977,62,370000000000000.0,2
528602977,63,390000000000000.0,2
528602977,64,410000000000000.0,1
528602977,65,430000000000000.0,3
528602977,66,450000000000000.0,4
528602977,72,380000000000000.0,1
528602977,73,380000000000000.0,1
528602977,74,380000000000000.0,1
528602977,75,380000000000000.0,1
528602977,89,50000000000000.0,0
528687520,4,800000000000000.0,0
528687520,5,800000000000000.0,0
528687520,6,800000000000000.0,0
528687520,7,100000000000000.0,0
528687520,8,200000000000000.0,0
528687520,9,300000000000000.0,0
528687520,11,499999969482421.9,0
528687520,12,600000000000000.0,0
528687520,13,700000000000000.0,0
528687520,14,800000000000000.0,1
528687520,15,750000000000000.0,1
528687520,16,750000000000000.0,1
528687520,17,750000000000000.0,1
528687520,18,750000000000000.0,2
528687520,19,750000000000000.0,1
528687520,20,160000000000000.0,0
528687520,21,140000000000000.0,0
528687520,22,120000000000000.0,0
528687520,23,100000000000000.0,0
528687520,26,50000000000000.0,0
528687520,28,50000000000000.0,0
528687520,29,70000000000000.0,0
528687520,30,90000000000000.0,0
528687520,31,110000000000000.0,0
528687520,32,130000000000000.0,2
528687520,33,150000000000000.0,2
528687520,34,170000000000000.0,4
528687520,35,190000000000000.0,12
528687520,36,210000000000000.0,23
528687520,37,230000000000000.0,30
528687520,38,249999984741210.94,37
528687520,39,270000000000000.0,43
528687520,40,119999992370605.47,1
528687520,41,119999992370605.47,1
528687520,42,119999992370605.47,1
528687520,43,119999992370605.47,1
528687520,44,278125000000000.0,0
528687520,45,283125000000000.0,0
528687520,47,283125000000000.0,0
528687520,48,278125000000000.0,0
528687520,49,283125000000000.0,0
528687520,50,278125000000000.0,0
528687520,51,283125000000000.0,0
528687520,53,400000000000000.0,0
528687520,54,400000000000000.0,0
528687520,57,50000000000000.0,0
542141883,7,800000000000000.0,0
542141883,8,800000000000000.0,0
542141883,9,800000000000000.0,0
542141883,10,100000000000000.0,0
542141883,11,200000000000000.0,0
542141883,12,300000000000000.0,0
542141883,13,400000000000000.0,0
542141883,14,499999969482421.9,0
542141883,15,600000000000000.0,0
542141883,16,700000000000000.0,0
542141883,17,800000000000000.0,0
542141883,18,900000000000000.0,0
542141883,19,999999938964843.8,0
542141883,20,1100000000000000.0,0
542141883,21,1200000000000000.0,0
542141883,22,1300000000000000.0,0
542141883,23,1400000000000000.0,0
542141883,24,1500000000000000.0,0
542141883,25,1600000000000000.0,0
542141883,26,1700000000000000.0,0
542141883,27,1800000000000000.0,0
542141883,28,1899999877929687.5,0
542141883,29,1999999877929687.5,0
542141883,30,2100000000000000.0,0
542141883,31,2200000000000000.0,0
542141883,32,2300000000000000.0,0
542141883,33,2400000000000000.0,1
542141883,34,2350000000000000.0,1
542141883,35,2330000000000000.0,0
542141883,36,2340000000000000.0,1
542141883,37,2340000000000000.0,1
542141883,38,2340000000000000.0,0
542141883,39,2340000000000000.0,0
542141883,40,2340000000000000.0,0
542141883,41,2350000000000000.0,1
542141883,42,2350000000000000.0,0
542141883,43,2350000000000000.0,1
542141883,44,2350000000000000.0,0
542141883,45,2350000000000000.0,0
542141883,46,2350000000000000.0,0
542141883,47,2370000000000000.0,0
542141883,48,2390000000000000.0,0
542141883,49,2410000000000000.0,0
542141883,50,2430000000000000.0,0
542141883,51,2450000000000000.0,0
542141883,52,2470000000000000.0,0
542141883,53,2500000000000000.0,1
542141883,54,2500000000000000.0,0
542141883,55,2500000000000000.0,1
542141883,56,2500000000000000.0,0
542141883,57,2500000000000000.0,0
542141883,58,2500000000000000.0,0
542141883,59,2520000000000000.0,1
542141883,60,2520000000000000.0,0
542141883,61,2520000000000000.0,1
542141883,62,2520000000000000.0,1
542141883,63,2520000000000000.0,0
542141883,66,140000000000000.0,0
542141883,67,120000000000000.0,0
542141883,68,100000000000000.0,0
542141883,69,80000000000000.0,0
542141883,70,60000000000000.0,0
542141883,71,50000000000000.0,0
542141883,72,50000000000000.0,0
542141883,73,50000000000000.0,0
542141883,74,70000000000000.0,0
542141883,75,90000000000000.0,0
542141883,76,110000000000000.0,0
542141883,77,130000000000000.0,0
542141883,78,150000000000000.0,0
542141883,79,170000000000000.0,0
542141883,80,190000000000000.0,0
542141883,81,210000000000000.0,0
542141883,82,230000000000000.0,0
542141883,83,249999984741210.94,0
542141883,84,270000000000000.0,0
542141883,85,290000000000000.0,0
542141883,86,310000000000000.0,0
542141883,87,330000000000000.0,0
542141883,88,350000000000000.0,0
542141883,89,370000000000000.0,0
542141883,90,390000000000000.0,1
542141883,91,410000000000000.0,1
542141883,92,430000000000000.0,1
542141883,93,450000000000000.0,1
542141883,94,469999969482421.9,1
542141883,95,489999969482421.9,5
542141883,97,530000000000000.0,6
542141883,98,380000000000000.0,0
542141883,99,390000000000000.0,0
542141883,100,400000000000000.0,0
542141883,101,410000000000000.0,0
542141883,102,420000000000000.0,1
542141883,103,420000000000000.0,1
542141883,104,420000000000000.0,1
542141883,105,420000000000000.0,1
542141883,106,420000000000000.0,1
542141883,108,990250000000000.0,0
542141883,109,973499938964843.8,0
542141883,110,990250000000000.0,0
542141883,111,973499938964843.8,0
542141883,112,990250000000000.0,0
542141883,113,973499938964843.8,0
542141883,114,990250000000000.0,0
542141883,116,400000000000000.0,0
542141883,117,400000000000000.0,0
542141883,122,50000000000000.0,0
542141883,123,50000000000000.0,0
548416317,5,800000000000000.0,0
548416317,6,800000000000000.0,0
548416317,9,200000000000000.0,0
548416317,10,300000000000000.0,0
548416317,11,400000000000000.0,0
548416317,12,499999969482421.9,0
548416317,13,600000000000000.0,0
548416317,15,800000000000000.0,0
548416317,16,900000000000000.0,0
548416317,17,999999938964843.8,0
548416317,18,1100000000000000.0,1
548416317,19,1100000000000000.0,1
548416317,20,1100000000000000.0,0
548416317,21,1100000000000000.0,0
548416317,22,1130000000000000.0,1
548416317,23,1130000000000000.0,1
548416317,24,1130000000000000.0,0
548416317,25,1130000000000000.0,1
548416317,27,160000000000000.0,0
548416317,29,120000000000000.0,0
548416317,30,100000000000000.0,0
548416317,31,80000000000000.0,0
548416317,32,60000000000000.0,0
548416317,36,70000000000000.0,0
548416317,37,90000000000000.0,0
548416317,38,110000000000000.0,0
548416317,40,150000000000000.0,3
548416317,41,170000000000000.0,5
548416317,42,190000000000000.0,11
548416317,43,210000000000000.0,16
548416317,44,230000000000000.0,17
548416317,47,130000000000000.0,2
548416317,48,130000000000000.0,2
548416317,49,130000000000000.0,2
548416317,50,130000000000000.0,2
548416317,53,301375000000000.0,0
548416317,56,306500000000000.0,0
548416317,57,301375000000000.0,0
548416317,58,306500000000000.0,0
548416317,59,400000000000000.0,0
548416317,60,400000000000000.0,0
548416317,63,130000000000000.0,0
548416317,64,200000000000000.0,2
548416317,65,200000000000000.0,2
548416317,66,200000000000000.0,2
548416317,67,200000000000000.0,2
548416317,68,239999984741210.94,4
548416317,69,239999984741210.94,4
548416317,70,239999984741210.94,3
548416317,71,239999984741210.94,4
548416317,72,280000000000000.0,7
548416317,73,280000000000000.0,6
548416317,74,280000000000000.0,5
548416317,75,280000000000000.0,5
548416317,78,858875000000000.0,0
548416317,79,1130000000000000.0,0
548416317,80,1130000000000000.0,0
548416317,81,1130000000000000.0,0
548416317,82,1130000000000000.0,0
548416317,83,1130000000000000.0,0
548416317,84,1130000000000000.0,0
548416317,85,1130000000000000.0,0
548416317,86,1130000000000000.0,0
548416317,87,1130000000000000.0,0
548416317,88,1130000000000000.0,0
548416317,89,1130000000000000.0,0
548416317,90,1130000000000000.0,0
548416317,91,1130000000000000.0,0
548416317,92,1130000000000000.0,0
548416317,93,1130000000000000.0,0
548416317,94,1130000000000000.0,0
548416317,95,1130000000000000.0,0
548416317,96,1130000000000000.0,0
548416317,97,1130000000000000.0,0
548416317,98,1130000000000000.0,0
548416317,99,1130000000000000.0,0
548416317,102,50000000000000.0,0
488386504,4,800000000000000.0,0
488386504,5,800000000000000.0,0
488386504,6,800000000000000.0,0
488386504,7,100000000000000.0,0
488386504,8,200000000000000.0,0
488386504,9,300000000000000.0,0
488386504,10,400000000000000.0,0
488386504,11,499999969482421.9,0
488386504,12,600000000000000.0,1
488386504,13,550000000000000.0,0
488386504,14,570000000000000.0,0
488386504,15,580000000000000.0,0
488386504,16,590000000000000.0,1
488386504,17,590000000000000.0,0
488386504,18,600000000000000.0,1
488386504,19,600000000000000.0,1
488386504,20,600000000000000.0,1
488386504,22,600000000000000.0,1
488386504,23,160000000000000.0,0
488386504,24,140000000000000.0,0
488386504,25,120000000000000.0,0
488386504,26,100000000000000.0,0
488386504,27,80000000000000.0,0
488386504,28,60000000000000.0,0
488386504,29,50000000000000.0,0
488386504,30,50000000000000.0,0
488386504,31,50000000000000.0,0
488386504,32,70000000000000.0,0
488386504,33,90000000000000.0,0
488386504,34,110000000000000.0,0
488386504,35,130000000000000.0,2
488386504,36,150000000000000.0,3
488386504,37,170000000000000.0,4
488386504,38,190000000000000.0,4
488386504,39,210000000000000.0,5
488386504,40,230000000000000.0,7
488386504,41,249999984741210.94,28
488386504,42,270000000000000.0,64
488386504,43,130000000000000.0,0
488386504,44,150000000000000.0,3
488386504,45,150000000000000.0,3
488386504,46,150000000000000.0,3
488386504,47,150000000000000.0,3
488386504,49,353625000000000.0,0
488386504,50,347625000000000.0,0
488386504,51,353625000000000.0,0
488386504,52,347625000000000.0,0
488386504,53,353625000000000.0,0
488386504,54,347625000000000.0,0
488386504,55,353625000000000.0,0
488386504,57,400000000000000.0,0
488386504,58,400000000000000.0,0
488386504,59,600000000000000.0,0
488386504,60,600000000000000.0,0
488386504,61,600000000000000.0,0
488386504,62,600000000000000.0,0
488386504,63,600000000000000.0,0
488386504,64,600000000000000.0,0
488386504,65,600000000000000.0,0
488386504,66,600000000000000.0,0
488386504,67,600000000000000.0,0
488386504,68,600000000000000.0,0
488386504,69,600000000000000.0,0
488386504,70,600000000000000.0,0
488386504,71,600000000000000.0,0
488386504,72,600000000000000.0,0
488386504,73,600000000000000.0,0
488386504,74,600000000000000.0,0
488386504,75,600000000000000.0,0
488386504,76,600000000000000.0,0
488386504,77,600000000000000.0,0
488386504,78,600000000000000.0,0
488386504,79,600000000000000.0,0
488386504,80,150000000000000.0,4
488386504,81,150000000000000.0,3
488386504,82,150000000000000.0,3
488386504,83,150000000000000.0,3
488386504,84,190000000000000.0,5
488386504,85,190000000000000.0,5
488386504,86,190000000000000.0,4
488386504,87,190000000000000.0,4
488386504,88,230000000000000.0,11
488386504,89,230000000000000.0,7
488386504,90,230000000000000.0,7
488386504,91,230000000000000.0,6
488386504,94,50000000000000.0,0
528759382,5,800000000000000.0,0
528759382,6,800000000000000.0,0
528759382,7,800000000000000.0,0
528759382,8,100000000000000.0,0
528759382,9,200000000000000.0,0
528759382,10,300000000000000.0,0
528759382,11,400000000000000.0,0
528759382,12,499999969482421.9,0
528759382,13,600000000000000.0,0
528759382,14,700000000000000.0,0
528759382,15,800000000000000.0,0
528759382,16,900000000000000.0,0
528759382,17,999999938964843.8,0
528759382,18,1100000000000000.0,0
528759382,19,1200000000000000.0,0
528759382,20,1300000000000000.0,0
528759382,21,1400000000000000.0,0
528759382,22,1500000000000000.0,0
528759382,23,1600000000000000.0,1
528759382,24,1550000000000000.0,0
528759382,25,1570000000000000.0,0
528759382,26,1590000000000000.0,0
528759382,27,1610000000000000.0,0
528759382,28,1630000000000000.0,0
528759382,29,1650000000000000.0,1
528759382,30,1640000000000000.0,0
528759382,31,1650000000000000.0,0
528759382,32,1660000000000000.0,0
528759382,33,1670000000000000.0,0
528759382,34,1680000000000000.0,0
528759382,35,1690000000000000.0,0
528759382,36,1700000000000000.0,0
528759382,37,1710000000000000.0,0
528759382,38,1730000000000000.0,1
528759382,39,1730000000000000.0,0
528759382,40,1740000000000000.0,1
528759382,41,1740000000000000.0,1
528759382,42,1740000000000000.0,1
528759382,43,1740000000000000.0,0
528759382,44,1740000000000000.0,0
528759382,45,160000000000000.0,0
528759382,46,140000000000000.0,0
528759382,47,120000000000000.0,0
528759382,48,100000000000000.0,0
528759382,49,80000000000000.0,0
528759382,50,60000000000000.0,0
528759382,51,50000000000000.0,0
528759382,52,50000000000000.0,0
528759382,53,50000000000000.0,0
528759382,54,70000000000000.0,0
528759382,55,90000000000000.0,0
528759382,56,110000000000000.0,0
528759382,57,130000000000000.0,0
528759382,58,150000000000000.0,0
528759382,59,170000000000000.0,1
528759382,60,190000000000000.0,2
528759382,61,210000000000000.0,2
528759382,62,230000000000000.0,2
528759382,63,249999984741210.94,2
528759382,64,270000000000000.0,3
528759382,65,290000000000000.0,5
528759382,66,310000000000000.0,6
528759382,67,160000000000000.0,0
528759382,68,170000000000000.0,1
528759382,69,170000000000000.0,1
528759382,70,170000000000000.0,1
528759382,71,170000000000000.0,1
528759382,72,393750000000000.0,0
528759382,73,400625000000000.0,0
528759382,74,393750000000000.0,0
528759382,75,400625000000000.0,0
528759382,76,393750000000000.0,0
528759382,77,400625000000000.0,0
528759382,78,393750000000000.0,0
528759382,79,400625000000000.0,0
528759382,81,400000000000000.0,0
528759382,82,400000000000000.0,0
528759382,83,170000000000000.0,1
528759382,84,170000000000000.0,1
528759382,85,170000000000000.0,1
528759382,86,170000000000000.0,1
528759382,87,210000000000000.0,2
528759382,88,210000000000000.0,2
528759382,89,210000000000000.0,3
528759382,90,210000000000000.0,2
528759382,93,50000000000000.0,0
539653924,4,800000000000000.0,0
539653924,5,800000000000000.0,0
539653924,6,800000000000000.0,0
539653924,7,100000000000000.0,0
539653924,8,200000000000000.0,0
539653924,9,300000000000000.0,0
539653924,10,400000000000000.0,0
539653924,12,600000000000000.0,0
539653924,13,700000000000000.0,0
539653924,14,800000000000000.0,0
539653924,15,900000000000000.0,0
539653924,16,999999938964843.8,0
539653924,17,1100000000000000.0,0
539653924,18,1200000000000000.0,0
539653924,19,1300000000000000.0,1
539653924,20,1150000000000000.0,0
539653924,21,1170000000000000.0,0
539653924,22,1180000000000000.0,0
539653924,23,1190000000000000.0,0
539653924,24,1200000000000000.0,0
539653924,25,1210000000000000.0,0
539653924,26,1220000000000000.0,0
539653924,27,1230000000000000.0,0
539653924,28,1240000000000000.0,0
539653924,29,1250000000000000.0,0
539653924,30,1260000000000000.0,0
539653924,31,1270000000000000.0,0
539653924,32,1280000000000000.0,0
539653924,33,1290000000000000.0,0
539653924,34,1300000000000000.0,0
539653924,35,1400000000000000.0,1
539653924,36,1350000000000000.0,0
539653924,37,1370000000000000.0,1
539653924,38,1360000000000000.0,1
539653924,39,1360000000000000.0,1
539653924,40,1360000000000000.0,1
539653924,41,1360000000000000.0,1
539653924,42,1360000000000000.0,1
539653924,43,160000000000000.0,0
539653924,44,140000000000000.0,0
539653924,45,120000000000000.0,0
539653924,46,100000000000000.0,0
539653924,47,80000000000000.0,0
539653924,48,60000000000000.0,0
539653924,49,50000000000000.0,0
539653924,50,50000000000000.0,0
539653924,51,50000000000000.0,0
539653924,60,230000000000000.0,3
539653924,61,249999984741210.94,8
539653924,62,270000000000000.0,9
539653924,63,290000000000000.0,11
539653924,64,310000000000000.0,13
539653924,65,330000000000000.0,14
539653924,66,350000000000000.0,14
539653924,67,370000000000000.0,16
539653924,68,390000000000000.0,17
539653924,69,220000000000000.0,3
539653924,70,200000000000000.0,1
539653924,71,190000000000000.0,1
539653924,72,180000000000000.0,1
539653924,74,140000000000000.0,0
539653924,75,150000000000000.0,0
539653924,76,160000000000000.0,0
539653924,78,170000000000000.0,1
539653924,80,170000000000000.0,1
539653924,82,400750000000000.0,0
539653924,86,400750000000000.0,0
539653924,87,394000000000000.0,0
539653924,88,400750000000000.0,0
539653924,90,400000000000000.0,0
539653924,91,400000000000000.0,0
539653924,94,50000000000000.0,0
569849591,6,800000000000000.0,0
569849591,7,800000000000000.0,0
569849591,8,800000000000000.0,0
569849591,9,100000000000000.0,0
569849591,10,200000000000000.0,0
569849591,11,300000000000000.0,0
569849591,12,400000000000000.0,0
569849591,13,499999969482421.9,0
569849591,14,600000000000000.0,1
569849591,15,550000000000000.0,1
569849591,16,530000000000000.0,1
569849591,17,499999969482421.9,0
569849591,18,509999969482421.9,1
569849591,19,509999969482421.9,0
569849591,20,520000000000000.0,0
569849591,21,530000000000000.0,1
569849591,22,530000000000000.0,1
569849591,23,530000000000000.0,1
569849591,24,530000000000000.0,1
569849591,25,530000000000000.0,1
569849591,26,160000000000000.0,0
569849591,27,140000000000000.0,0
569849591,28,120000000000000.0,0
569849591,29,100000000000000.0,0
569849591,30,80000000000000.0,0
569849591,31,60000000000000.0,0
569849591,32,50000000000000.0,0
569849591,33,50000000000000.0,0
569849591,34,50000000000000.0,0
569849591,35,70000000000000.0,4
569849591,38,130000000000000.0,12
569849591,39,150000000000000.0,16
569849591,40,170000000000000.0,19
569849591,41,190000000000000.0,23
569849591,42,210000000000000.0,25
569849591,43,59999996185302.734,0
569849591,44,70000000000000.0,1
569849591,45,70000000000000.0,1
569849591,46,70000000000000.0,1
569849591,47,70000000000000.0,1
569849591,48,110000000000000.0,8
569849591,49,110000000000000.0,8
569849591,50,110000000000000.0,7
569849591,51,110000000000000.0,8
569849591,52,162250000000000.0,0
569849591,53,165000000000000.0,0
569849591,66,50000000000000.0,0
528657972,4,800000000000000.0,0
528657972,5,800000000000000.0,0
528657972,6,800000000000000.0,0
528657972,7,100000000000000.0,0
528657972,8,200000000000000.0,0
528657972,9,300000000000000.0,0
528657972,10,400000000000000.0,0
528657972,11,499999969482421.9,0
528657972,12,600000000000000.0,0
528657972,13,700000000000000.0,0
528657972,14,800000000000000.0,0
528657972,15,900000000000000.0,0
528657972,16,999999938964843.8,0
528657972,17,1100000000000000.0,0
528657972,18,1200000000000000.0,0
528657972,19,1300000000000000.0,0
528657972,20,1400000000000000.0,0
528657972,21,1500000000000000.0,0
528657972,22,1600000000000000.0,0
528657972,23,1700000000000000.0,1
528657972,24,1650000000000000.0,0
528657972,25,1670000000000000.0,0
528657972,26,1690000000000000.0,0
528657972,27,1700000000000000.0,0
528657972,28,1710000000000000.0,1
528657972,29,1710000000000000.0,0
528657972,30,1710000000000000.0,0
528657972,31,1720000000000000.0,0
528657972,32,1730000000000000.0,0
528657972,33,1750000000000000.0,1
528657972,34,1750000000000000.0,0
528657972,35,1750000000000000.0,0
528657972,36,1770000000000000.0,0
528657972,37,1800000000000000.0,1
528657972,38,1800000000000000.0,1
528657972,39,1800000000000000.0,1
528657972,40,1800000000000000.0,1
528657972,41,1800000000000000.0,1
528657972,42,160000000000000.0,0
528657972,43,140000000000000.0,0
528657972,44,120000000000000.0,0
528657972,45,100000000000000.0,0
528657972,46,80000000000000.0,0
528657972,49,50000000000000.0,0
528657972,50,50000000000000.0,0
528657972,51,70000000000000.0,0
528657972,52,90000000000000.0,0
528657972,53,110000000000000.0,0
528657972,54,130000000000000.0,0
528657972,55,150000000000000.0,0
528657972,56,170000000000000.0,0
528657972,57,190000000000000.0,0
528657972,58,210000000000000.0,0
528657972,60,249999984741210.94,0
528657972,61,270000000000000.0,0
528657972,62,290000000000000.0,1
528657972,63,310000000000000.0,1
528657972,64,330000000000000.0,1
528657972,65,350000000000000.0,1
528657972,66,370000000000000.0,1
528657972,67,390000000000000.0,1
528657972,69,430000000000000.0,1
528657972,70,280000000000000.0,0
528657972,71,290000000000000.0,0
528657972,72,300000000000000.0,0
528657972,73,310000000000000.0,1
528657972,74,310000000000000.0,1
528657972,75,310000000000000.0,1
528657972,76,310000000000000.0,1
528657972,77,718500000000000.0,0
528657972,84,730874938964843.8,0
528657972,86,400000000000000.0,0
528657972,87,400000000000000.0,0
528657972,90,50000000000000.0,0
489315599,5,800000000000000.0,0
489315599,6,800000000000000.0,0
489315599,7,800000000000000.0,0
489315599,8,100000000000000.0,0
489315599,9,200000000000000.0,0
489315599,10,300000000000000.0,0
489315599,11,400000000000000.0,0
489315599,12,499999969482421.9,0
489315599,13,600000000000000.0,0
489315599,14,700000000000000.0,0
489315599,15,800000000000000.0,0
489315599,16,900000000000000.0,0
489315599,17,999999938964843.8,0
489315599,18,1100000000000000.0,0
489315599,19,1200000000000000.0,0
489315599,20,1300000000000000.0,0
489315599,21,1400000000000000.0,0
489315599,22,1500000000000000.0,0
489315599,23,1600000000000000.0,0
489315599,24,1700000000000000.0,1
489315599,25,1650000000000000.0,0
489315599,26,1670000122070312.5,0
489315599,27,1690000000000000.0,1
489315599,28,1679999877929687.5,0
489315599,29,1690000000000000.0,0
489315599,30,1700000000000000.0,0
489315599,31,1710000000000000.0,0
489315599,32,1720000122070312.5,0
489315599,33,1729999877929687.5,1
489315599,34,1729999877929687.5,0
489315599,35,1729999877929687.5,0
489315599,36,1729999877929687.5,1
489315599,37,1729999877929687.5,1
489315599,38,160000000000000.0,0
489315599,39,140000000000000.0,0
489315599,40,120000000000000.0,0
489315599,41,100000000000000.0,0
489315599,42,80000000000000.0,0
489315599,43,60000000000000.0,0
489315599,44,50000000000000.0,0
489315599,45,50000000000000.0,0
489315599,46,50000000000000.0,0
489315599,47,70000000000000.0,0
489315599,48,90000000000000.0,0
489315599,49,110000000000000.0,0
489315599,50,130000000000000.0,0
489315599,51,150000000000000.0,0
489315599,52,170000000000000.0,1
489315599,53,190000000000000.0,1
489315599,54,209999984741210.94,2
489315599,55,230000000000000.0,2
489315599,56,249999984741210.94,3
489315599,57,270000000000000.0,3
489315599,58,290000000000000.0,4
489315599,59,310000000000000.0,5
489315599,60,160000000000000.0,0
489315599,61,170000000000000.0,1
489315599,62,170000000000000.0,1
489315599,63,170000000000000.0,1
489315599,64,170000000000000.0,1
489315599,65,394000000000000.0,0
489315599,66,400750000000000.0,0
489315599,67,394000000000000.0,0
489315599,68,400750000000000.0,0
489315599,69,394000000000000.0,0
489315599,70,400750000000000.0,0
489315599,71,394000000000000.0,0
489315599,72,400750000000000.0,0
489315599,74,400000000000000.0,0
489315599,75,400000000000000.0,0
489315599,76,170000000000000.0,1
489315599,77,170000000000000.0,1
489315599,78,170000000000000.0,1
489315599,79,170000000000000.0,1
489315599,80,209999984741210.94,2
489315599,81,209999984741210.94,2
489315599,82,209999984741210.94,2
489315599,83,209999984741210.94,2
489315599,84,249999984741210.94,3
489315599,85,249999984741210.94,3
489315599,86,249999984741210.94,3
489315599,87,249999984741210.94,3
489315599,88,730125000000000.0,0
489315599,89,730125000000000.0,0
489315599,90,730125000000000.0,0
489315599,93,50000000000000.0,0
508279351,4,800000000000000.0,0
508279351,5,800000000000000.0,0
508279351,6,800000000000000.0,0
508279351,7,100000000000000.0,0
508279351,8,200000000000000.0,0
508279351,9,300000000000000.0,0
508279351,10,400000000000000.0,0
508279351,11,499999969482421.9,0
508279351,12,600000000000000.0,0
508279351,13,700000000000000.0,0
508279351,14,800000000000000.0,0
508279351,15,900000000000000.0,0
508279351,16,999999938964843.8,0
508279351,17,1100000000000000.0,0
508279351,18,1200000000000000.0,0
508279351,19,1300000000000000.0,0
508279351,20,1400000000000000.0,0
508279351,21,1500000000000000.0,0
508279351,22,1600000000000000.0,0
508279351,23,1700000000000000.0,0
508279351,24,1800000000000000.0,0
508279351,25,1899999877929687.5,0
508279351,26,1999999877929687.5,0
508279351,27,2100000000000000.0,0
508279351,28,2200000000000000.0,0
508279351,29,2300000000000000.0,0
508279351,30,2400000000000000.0,0
508279351,31,2500000000000000.0,0
508279351,32,2600000000000000.0,0
508279351,33,2700000000000000.0,2
508279351,34,2650000000000000.0,2
508279351,35,2630000000000000.0,2
508279351,36,2610000000000000.0,0
508279351,37,2620000000000000.0,0
508279351,38,2630000000000000.0,0
508279351,39,2640000000000000.0,0
508279351,40,2650000000000000.0,2
508279351,41,2650000000000000.0,2
508279351,42,2650000000000000.0,2
508279351,43,2650000000000000.0,2
508279351,44,2650000000000000.0,2
508279351,45,160000000000000.0,0
508279351,46,140000000000000.0,0
508279351,47,120000000000000.0,0
508279351,48,100000000000000.0,0
508279351,49,80000000000000.0,0
508279351,50,60000000000000.0,0
508279351,51,50000000000000.0,0
508279351,52,50000000000000.0,0
508279351,53,50000000000000.0,0
508279351,54,70000000000000.0,0
508279351,55,90000000000000.0,0
508279351,56,110000000000000.0,0
508279351,57,130000000000000.0,0
508279351,58,150000000000000.0,0
508279351,59,170000000000000.0,0
508279351,60,190000000000000.0,0
508279351,61,210000000000000.0,0
508279351,62,230000000000000.0,0
508279351,63,249999984741210.94,0
508279351,64,270000000000000.0,2
508279351,65,290000000000000.0,3
508279351,66,310000000000000.0,3
508279351,67,330000000000000.0,3
508279351,68,350000000000000.0,3
508279351,69,370000000000000.0,4
508279351,70,390000000000000.0,7
508279351,71,410000000000000.0,8
508279351,72,260000000000000.0,2
508279351,73,239999984741210.94,0
508279351,74,249999984741210.94,0
508279351,75,260000000000000.0,2
508279351,76,260000000000000.0,2
508279351,77,260000000000000.0,2
508279351,78,260000000000000.0,2
508279351,82,613000000000000.0,0
508279351,83,602625000000000.0,0
508279351,85,602625000000000.0,0
508279351,88,400000000000000.0,0
508279351,89,400000000000000.0,0
508279351,92,50000000000000.0,0
519853636,4,800000000000000.0,0
519853636,5,800000000000000.0,0
519853636,6,800000000000000.0,0
519853636,7,100000000000000.0,0
519853636,8,200000000000000.0,0
519853636,9,300000000000000.0,0
519853636,10,400000000000000.0,0
519853636,11,499999969482421.9,0
519853636,12,600000000000000.0,0
519853636,13,700000000000000.0,0
519853636,14,800000000000000.0,0
519853636,15,900000000000000.0,0
519853636,16,999999938964843.8,0
519853636,17,1100000000000000.0,0
519853636,18,1200000000000000.0,1
519853636,19,1100000000000000.0,0
519853636,20,1150000000000000.0,0
519853636,21,1170000000000000.0,0
519853636,22,1190000000000000.0,0
519853636,23,1200000000000000.0,0
519853636,24,1220000000000000.0,0
519853636,25,1250000000000000.0,1
519853636,26,1240000000000000.0,1
519853636,27,1230000000000000.0,0
519853636,29,1250000000000000.0,1
519853636,30,1250000000000000.0,1
519853636,31,1250000000000000.0,1
519853636,32,1250000000000000.0,1
519853636,33,1250000000000000.0,1
519853636,38,80000000000000.0,0
519853636,40,50000000000000.0,0
519853636,43,70000000000000.0,0
519853636,44,90000000000000.0,0
519853636,46,130000000000000.0,0
519853636,47,150000000000000.0,1
519853636,48,170000000000000.0,1
519853636,49,190000000000000.0,1
519853636,50,210000000000000.0,1
519853636,51,230000000000000.0,2
519853636,52,249999984741210.94,2
519853636,53,270000000000000.0,3
519853636,54,290000000000000.0,4
519853636,56,150000000000000.0,1
519853636,57,150000000000000.0,1
519853636,58,150000000000000.0,0
519853636,59,150000000000000.0,0
519853636,60,160000000000000.0,0
519853636,61,170000000000000.0,1
519853636,62,170000000000000.0,1
519853636,63,170000000000000.0,1
519853636,64,170000000000000.0,1
519853636,65,394000000000000.0,0
519853636,66,400750000000000.0,0
519853636,67,394000000000000.0,0
519853636,71,394000000000000.0,0
519853636,72,400750000000000.0,0
519853636,75,50000000000000.0,0
567738879,4,800000000000000.0,0
567738879,5,800000000000000.0,0
567738879,6,800000000000000.0,0
567738879,7,100000000000000.0,0
567738879,8,200000000000000.0,0
567738879,9,300000000000000.0,0
567738879,10,400000000000000.0,0
567738879,11,499999969482421.9,0
567738879,12,600000000000000.0,1
567738879,13,550000000000000.0,1
567738879,14,530000000000000.0,1
567738879,15,509999969482421.9,0
567738879,16,520000000000000.0,0
567738879,17,530000000000000.0,1
567738879,18,530000000000000.0,1
567738879,19,530000000000000.0,1
567738879,20,530000000000000.0,1
567738879,21,530000000000000.0,1
567738879,22,530000000000000.0,1
567738879,23,530000000000000.0,1
567738879,24,530000000000000.0,1
567738879,25,160000000000000.0,0
567738879,26,140000000000000.0,0
567738879,27,120000000000000.0,0
567738879,28,100000000000000.0,0
567738879,29,80000000000000.0,0
567738879,30,60000000000000.0,0
567738879,31,50000000000000.0,0
567738879,32,50000000000000.0,0
567738879,33,50000000000000.0,0
567738879,34,70000000000000.0,2
567738879,35,90000000000000.0,8
567738879,36,110000000000000.0,11
567738879,37,130000000000000.0,14
567738879,38,150000000000000.0,17
567738879,39,170000000000000.0,21
567738879,40,190000000000000.0,24
567738879,41,210000000000000.0,27
567738879,42,230000000000000.0,30
567738879,43,249999984741210.94,34
567738879,44,59999996185302.734,0
567738879,45,70000000000000.0,1
567738879,46,70000000000000.0,1
567738879,47,70000000000000.0,1
567738879,48,70000000000000.0,1
567738879,70,50000000000000.0,0
528619307,4,800000000000000.0,0
528619307,5,800000000000000.0,0
528619307,6,800000000000000.0,0
528619307,7,100000000000000.0,0
528619307,8,200000000000000.0,0
528619307,9,300000000000000.0,0
528619307,10,400000000000000.0,0
528619307,11,499999969482421.9,0
528619307,12,600000000000000.0,0
528619307,13,700000000000000.0,0
528619307,14,800000000000000.0,0
528619307,15,900000000000000.0,0
528619307,16,999999938964843.8,0
528619307,17,1100000000000000.0,0
528619307,18,1200000000000000.0,0
528619307,19,1300000000000000.0,0
528619307,20,1400000000000000.0,0
528619307,21,1500000000000000.0,2
528619307,22,1450000000000000.0,2
528619307,23,1430000000000000.0,0
528619307,24,1440000000000000.0,0
528619307,25,1450000000000000.0,0
528619307,26,1460000000000000.0,0
528619307,27,1470000000000000.0,2
528619307,28,1470000000000000.0,2
528619307,29,1470000000000000.0,2
528619307,30,1470000000000000.0,0
528619307,31,1470000000000000.0,0
528619307,33,140000000000000.0,0
528619307,34,120000000000000.0,0
528619307,35,100000000000000.0,0
528619307,36,80000000000000.0,0
528619307,37,60000000000000.0,0
528619307,38,50000000000000.0,0
528619307,39,50000000000000.0,0
528619307,40,50000000000000.0,0
528619307,41,70000000000000.0,0
528619307,42,90000000000000.0,0
528619307,43,110000000000000.0,1
528619307,44,130000000000000.0,2
528619307,45,150000000000000.0,3
528619307,46,170000000000000.0,5
528619307,52,110000000000000.0,1
528619307,53,110000000000000.0,1
528619307,54,110000000000000.0,1
528619307,55,110000000000000.0,1
528619307,57,259375000000000.0,0
528619307,58,254999984741210.94,0
528619307,59,259375000000000.0,0
528619307,61,400000000000000.0,0
528619307,62,400000000000000.0,0
528619307,65,50000000000000.0,0
539571778,4,800000000000000.0,0
539571778,5,800000000000000.0,0
539571778,6,800000000000000.0,0
539571778,7,100000000000000.0,0
539571778,8,200000000000000.0,0
539571778,9,300000000000000.0,0
539571778,10,400000000000000.0,0
539571778,11,499999969482421.9,0
539571778,12,600000000000000.0,0
539571778,13,700000000000000.0,0
539571778,14,800000000000000.0,1
539571778,15,750000000000000.0,0
539571778,16,770000000000000.0,0
539571778,17,780000000000000.0,0
539571778,18,790000000000000.0,0
539571778,19,800000000000000.0,0
539571778,20,810000000000000.0,0
539571778,21,830000000000000.0,1
539571778,22,820000000000000.0,1
539571778,23,820000000000000.0,0
539571778,24,830000000000000.0,1
539571778,25,830000000000000.0,1
539571778,26,830000000000000.0,1
539571778,27,830000000000000.0,1
539571778,28,830000000000000.0,1
539571778,29,160000000000000.0,0
539571778,30,140000000000000.0,0
539571778,31,120000000000000.0,0
539571778,32,100000000000000.0,0
539571778,33,80000000000000.0,0
539571778,34,60000000000000.0,0
539571778,35,50000000000000.0,0
539571778,36,50000000000000.0,0
539571778,37,50000000000000.0,0
539571778,38,70000000000000.0,1
539571778,39,90000000000000.0,3
539571778,40,110000000000000.0,6
539571778,41,130000000000000.0,10
539571778,42,150000000000000.0,14
539571778,43,170000000000000.0,18
539571778,44,190000000000000.0,21
539571778,45,210000000000000.0,25
539571778,46,59999996185302.734,0
539571778,47,70000000000000.0,0
539571778,48,80000000000000.0,0
539571778,49,90000000000000.0,1
539571778,50,90000000000000.0,1
539571778,51,90000000000000.0,1
539571778,52,90000000000000.0,1
539571778,54,212250000000000.0,0
539571778,55,208624984741210.94,0
539571778,56,212250000000000.0,0
539571778,57,208624984741210.94,0
539571778,58,212250000000000.0,0
539571778,59,208624984741210.94,0
539571778,60,212250000000000.0,0
539571778,62,400000000000000.0,0
539571778,63,400000000000000.0,0
539571778,67,50000000000000.0,0
520480180,4,800000000000000.0,0
520480180,5,800000000000000.0,0
520480180,6,800000000000000.0,0
520480180,7,100000000000000.0,0
520480180,8,200000000000000.0,0
520480180,9,300000000000000.0,0
520480180,10,400000000000000.0,0
520480180,11,499999969482421.9,0
520480180,12,600000000000000.0,0
520480180,13,700000000000000.0,0
520480180,14,800000000000000.0,0
520480180,15,900000000000000.0,0
520480180,16,999999938964843.8,0
520480180,17,1100000000000000.0,0
520480180,18,1200000000000000.0,0
520480180,19,1300000000000000.0,0
520480180,20,1400000000000000.0,0
520480180,21,1500000000000000.0,0
520480180,22,1600000000000000.0,0
520480180,23,1700000000000000.0,0
520480180,24,1800000000000000.0,0
520480180,25,1899999877929687.5,0
520480180,26,1999999877929687.5,0
520480180,27,2100000000000000.0,0
520480180,28,2200000000000000.0,0
520480180,29,2300000000000000.0,0
520480180,30,2400000000000000.0,1
520480180,31,2350000000000000.0,1
520480180,32,2330000000000000.0,1
520480180,33,2310000000000000.0,0
520480180,34,2320000000000000.0,0
520480180,35,2330000000000000.0,0
520480180,36,2340000000000000.0,0
520480180,37,2350000000000000.0,0
520480180,38,2360000000000000.0,0
520480180,39,2370000000000000.0,0
520480180,40,2380000000000000.0,0
520480180,41,2390000000000000.0,0
520480180,42,2400000000000000.0,0
520480180,43,2410000000000000.0,0
520480180,44,2430000000000000.0,0
520480180,45,2450000000000000.0,0
520480180,46,2500000000000000.0,0
520480180,47,2600000000000000.0,2
520480180,48,2550000000000000.0,2
520480180,49,2540000000000000.0,1
520480180,50,2530000000000000.0,1
520480180,51,2520000000000000.0,0
520480180,52,2530000000000000.0,0
520480180,53,2540000000000000.0,0
520480180,54,2550000000000000.0,0
520480180,55,2570000000000000.0,0
520480180,56,2590000000000000.0,0
520480180,57,2610000000000000.0,0
520480180,58,2630000000000000.0,2
520480180,59,2630000000000000.0,1
520480180,60,2630000000000000.0,0
520480180,61,2630000000000000.0,0
520480180,62,2630000000000000.0,0
520480180,63,2650000000000000.0,0
520480180,64,2670000000000000.0,2
520480180,65,2670000000000000.0,1
520480180,66,2670000000000000.0,1
520480180,67,2670000000000000.0,1
520480180,68,2670000000000000.0,1
520480180,69,160000000000000.0,0
520480180,70,140000000000000.0,0
520480180,71,120000000000000.0,0
520480180,72,100000000000000.0,0
520480180,73,80000000000000.0,0
520480180,74,60000000000000.0,0
520480180,75,50000000000000.0,0
520480180,76,50000000000000.0,0
520480180,77,50000000000000.0,0
520480180,78,70000000000000.0,0
520480180,79,90000000000000.0,0
520480180,80,110000000000000.0,0
520480180,81,130000000000000.0,0
520480180,82,150000000000000.0,0
520480180,83,170000000000000.0,0
520480180,84,190000000000000.0,0
520480180,85,210000000000000.0,0
520480180,86,230000000000000.0,0
520480180,87,249999984741210.94,1
520480180,88,270000000000000.0,2
520480180,89,290000000000000.0,2
520480180,90,310000000000000.0,2
520480180,91,330000000000000.0,3
520480180,92,350000000000000.0,4
520480180,93,370000000000000.0,5
520480180,94,390000000000000.0,6
520480180,95,239999984741210.94,0
520480180,96,249999984741210.94,0
520480180,97,260000000000000.0,2
520480180,98,260000000000000.0,2
520480180,99,260000000000000.0,2
520480180,100,260000000000000.0,2
520480180,101,602625000000000.0,0
520480180,103,602625000000000.0,0
520480180,104,613000000000000.0,0
520480180,105,602625000000000.0,0
520480180,107,602625000000000.0,0
520480180,108,613000000000000.0,0
520480180,110,400000000000000.0,0
520480180,111,400000000000000.0,0
520480180,112,260000000000000.0,0
520480180,113,270000000000000.0,1
520480180,114,270000000000000.0,1
520480180,115,270000000000000.0,1
520480180,116,270000000000000.0,1
520480180,117,310000000000000.0,2
520480180,118,310000000000000.0,2
520480180,119,310000000000000.0,1
520480180,120,310000000000000.0,1
520480180,121,350000000000000.0,2
520480180,122,350000000000000.0,2
520480180,123,350000000000000.0,2
520480180,124,350000000000000.0,2
520480180,125,2670000000000000.0,0
520480180,126,2690000000000000.0,0
520480180,127,2710000000000000.0,0
520480180,128,2730000000000000.0,0
520480180,129,2750000000000000.0,0
520480180,130,2800000000000000.0,0
520480180,131,2800000000000000.0,0
520480180,132,2800000000000000.0,0
520480180,133,2800000000000000.0,0
520480180,134,2800000000000000.0,0
520480180,135,2800000000000000.0,0
520480180,136,2800000000000000.0,0
520480180,137,2800000000000000.0,0
520480180,138,2800000000000000.0,0
520480180,139,2800000000000000.0,0
520480180,140,2800000000000000.0,0
520480180,141,2800000000000000.0,0
520480180,142,2800000000000000.0,0
520480180,143,2800000000000000.0,0
520480180,144,2800000000000000.0,0
520480180,145,2800000000000000.0,0
520480180,146,2800000000000000.0,0
520480180,147,2800000000000000.0,0
520480180,148,2800000000000000.0,0
520480180,149,2800000000000000.0,0
520480180,150,2800000000000000.0,0
520480180,153,50000000000000.0,0
541551240,4,800000000000000.0,0
541551240,5,800000000000000.0,0
541551240,6,800000000000000.0,0
541551240,7,100000000000000.0,0
541551240,8,200000000000000.0,0
541551240,9,300000000000000.0,0
541551240,10,400000000000000.0,0
541551240,11,499999969482421.9,0
541551240,12,600000000000000.0,0
541551240,13,700000000000000.0,0
541551240,14,800000000000000.0,0
541551240,15,900000000000000.0,0
541551240,16,999999938964843.8,0
541551240,17,1100000000000000.0,0
541551240,18,1200000000000000.0,0
541551240,19,1300000000000000.0,0
541551240,20,1400000000000000.0,0
541551240,21,1500000000000000.0,0
541551240,22,1600000000000000.0,0
541551240,23,1700000000000000.0,0
541551240,24,1800000000000000.0,1
541551240,25,1750000000000000.0,0
541551240,26,1770000000000000.0,0
541551240,27,1790000000000000.0,0
541551240,28,1800000000000000.0,0
541551240,29,1810000000000000.0,0
541551240,30,1830000000000000.0,1
541551240,31,1820000000000000.0,0
541551240,32,1830000000000000.0,1
541551240,33,1830000000000000.0,0
541551240,34,1830000000000000.0,0
541551240,35,1840000000000000.0,0
541551240,36,1850000000000000.0,0
541551240,37,1869999877929687.5,1
541551240,38,1869999877929687.5,0
541551240,39,1889999877929687.5,1
541551240,40,1889999877929687.5,0
541551240,41,1889999877929687.5,0
541551240,42,1909999877929687.5,0
541551240,43,1929999877929687.5,1
541551240,44,1929999877929687.5,1
541551240,45,1929999877929687.5,1
541551240,46,1929999877929687.5,0
541551240,47,1929999877929687.5,0
541551240,48,1949999877929687.5,1
541551240,49,1949999877929687.5,0
541551240,50,1999999877929687.5,1
541551240,53,1999999877929687.5,1
541551240,54,1999999877929687.5,1
541551240,55,160000000000000.0,0
541551240,56,140000000000000.0,0
541551240,57,120000000000000.0,0
541551240,58,100000000000000.0,0
541551240,59,80000000000000.0,0
541551240,60,60000000000000.0,0
541551240,61,50000000000000.0,0
541551240,62,50000000000000.0,0
541551240,63,50000000000000.0,0
541551240,64,70000000000000.0,0
541551240,65,90000000000000.0,0
541551240,66,110000000000000.0,0
541551240,67,130000000000000.0,0
541551240,68,150000000000000.0,0
541551240,69,170000000000000.0,0
541551240,70,190000000000000.0,0
541551240,71,210000000000000.0,0
541551240,72,230000000000000.0,0
541551240,73,249999984741210.94,0
541551240,74,270000000000000.0,0
541551240,75,290000000000000.0,0
541551240,76,310000000000000.0,0
541551240,77,330000000000000.0,0
541551240,78,350000000000000.0,1
541551240,79,370000000000000.0,1
541551240,80,390000000000000.0,2
541551240,81,410000000000000.0,2
541551240,82,430000000000000.0,4
541551240,83,450000000000000.0,5
541551240,84,469999969482421.9,7
541551240,85,489999969482421.9,8
541551240,86,340000000000000.0,1
541551240,87,340000000000000.0,1
541551240,88,340000000000000.0,0
541551240,89,340000000000000.0,1
541551240,90,340000000000000.0,0
541551240,91,788125000000000.0,0
541551240,92,801625000000000.0,0
541551240,93,788125000000000.0,0
541551240,94,801625000000000.0,0
541551240,95,788125000000000.0,0
541551240,96,801625000000000.0,0
541551240,97,788125000000000.0,0
541551240,98,801625000000000.0,0
541551240,100,400000000000000.0,0
541551240,101,400000000000000.0,0
541551240,102,340000000000000.0,0
541551240,103,350000000000000.0,1
541551240,104,350000000000000.0,0
541551240,105,350000000000000.0,1
541551240,106,350000000000000.0,1
541551240,107,390000000000000.0,1
541551240,108,390000000000000.0,1
541551240,109,390000000000000.0,1
541551240,110,390000000000000.0,1
541551240,111,430000000000000.0,2
541551240,112,430000000000000.0,2
541551240,113,430000000000000.0,2
541551240,114,430000000000000.0,2
541551240,117,50000000000000.0,0
569818704,6,800000000000000.0,0
569818704,7,800000000000000.0,0
569818704,8,800000000000000.0,0
569818704,9,100000000000000.0,0
569818704,10,200000000000000.0,0
569818704,11,300000000000000.0,0
569818704,12,400000000000000.0,0
569818704,13,499999969482421.9,0
569818704,14,600000000000000.0,0
569818704,15,700000000000000.0,0
569818704,16,800000000000000.0,1
569818704,17,750000000000000.0,0
569818704,18,770000000000000.0,1
569818704,19,760000000000000.0,0
569818704,20,770000000000000.0,1
569818704,21,770000000000000.0,1
569818704,22,770000000000000.0,1
569818704,23,770000000000000.0,0
569818704,24,770000000000000.0,1
569818704,25,160000000000000.0,0
569818704,26,140000000000000.0,0
569818704,27,120000000000000.0,0
569818704,28,100000000000000.0,0
569818704,29,80000000000000.0,0
569818704,30,60000000000000.0,0
569818704,31,50000000000000.0,0
569818704,33,50000000000000.0,0
569818704,34,70000000000000.0,1
569818704,35,90000000000000.0,4
569818704,36,110000000000000.0,7
569818704,37,130000000000000.0,9
569818704,38,150000000000000.0,12
569818704,39,170000000000000.0,14
569818704,40,190000000000000.0,17
569818704,41,210000000000000.0,18
569818704,42,59999996185302.734,0
569818704,43,70000000000000.0,0
569818704,44,80000000000000.0,0
569818704,45,90000000000000.0,1
569818704,46,90000000000000.0,1
569818704,47,90000000000000.0,1
569818704,48,90000000000000.0,1
569818704,49,130000000000000.0,7
569818704,50,130000000000000.0,7
569818704,51,130000000000000.0,7
569818704,52,130000000000000.0,7
569818704,53,170000000000000.0,12
569818704,54,170000000000000.0,12
569818704,55,170000000000000.0,12
569818704,56,170000000000000.0,11
569818704,57,208624984741210.94,0
569818704,58,212250000000000.0,0
569818704,59,208624984741210.94,0
569818704,60,212250000000000.0,0
569818704,62,400000000000000.0,0
569818704,63,400000000000000.0,0
569818704,64,400000000000000.0,0
569818704,65,400000000000000.0,0
569818704,66,400000000000000.0,0
569818704,67,400000000000000.0,0
569818704,68,400000000000000.0,0
569818704,69,400000000000000.0,0
569818704,70,400000000000000.0,0
569818704,71,400000000000000.0,0
569818704,75,50000000000000.0,0
508309244,4,800000000000000.0,0
508309244,5,800000000000000.0,0
508309244,6,800000000000000.0,0
508309244,7,100000000000000.0,0
508309244,8,200000000000000.0,0
508309244,9,300000000000000.0,0
508309244,10,400000000000000.0,0
508309244,11,499999969482421.9,0
508309244,12,600000000000000.0,0
508309244,13,700000000000000.0,0
508309244,14,800000000000000.0,0
508309244,15,900000000000000.0,1
508309244,16,999999938964843.8,2
508309244,17,949999938964843.8,1
508309244,18,969999938964843.8,1
508309244,19,989999938964843.8,1
508309244,20,999999938964843.8,1
508309244,21,1009999938964843.8,2
508309244,22,1009999938964843.8,2
508309244,23,1009999938964843.8,2
508309244,24,1009999938964843.8,1
508309244,25,1009999938964843.8,1
508309244,26,160000000000000.0,0
508309244,27,140000000000000.0,0
508309244,28,120000000000000.0,0
508309244,29,100000000000000.0,0
508309244,30,80000000000000.0,0
508309244,31,60000000000000.0,0
508309244,32,50000000000000.0,0
508309244,33,50000000000000.0,0
508309244,34,50000000000000.0,0
508309244,35,70000000000000.0,0
508309244,36,90000000000000.0,1
508309244,37,110000000000000.0,1
508309244,38,130000000000000.0,1
508309244,39,150000000000000.0,4
508309244,40,170000000000000.0,5
508309244,66,50000000000000.0,0
508280093,4,800000000000000.0,0
508280093,5,800000000000000.0,0
508280093,6,800000000000000.0,0
508280093,7,100000000000000.0,0
508280093,8,200000000000000.0,0
508280093,11,499999969482421.9,0
508280093,12,600000000000000.0,0
508280093,13,700000000000000.0,0
508280093,15,900000000000000.0,0
508280093,16,999999938964843.8,0
508280093,17,1100000000000000.0,0
508280093,18,1200000000000000.0,0
508280093,19,1300000000000000.0,0
508280093,20,1400000000000000.0,0
508280093,21,1500000000000000.0,0
508280093,22,1600000000000000.0,0
508280093,23,1700000000000000.0,1
508280093,24,1700000000000000.0,1
508280093,25,1700000000000000.0,1
508280093,26,1700000000000000.0,1
508280093,27,1700000000000000.0,1
508280093,28,1700000000000000.0,1
508280093,29,160000000000000.0,0
508280093,30,140000000000000.0,0
508280093,31,120000000000000.0,0
508280093,32,100000000000000.0,0
508280093,33,80000000000000.0,0
508280093,34,60000000000000.0,0
508280093,35,50000000000000.0,0
508280093,36,50000000000000.0,0
508280093,37,50000000000000.0,0
508280093,38,70000000000000.0,0
508280093,39,90000000000000.0,0
508280093,40,110000000000000.0,0
508280093,41,130000000000000.0,0
508280093,42,150000000000000.0,0
508280093,43,170000000000000.0,1
508280093,44,190000000000000.0,1
508280093,45,210000000000000.0,1
508280093,46,230000000000000.0,2
508280093,47,249999984741210.94,5
508280093,49,290000000000000.0,8
508280093,50,310000000000000.0,10
508280093,53,170000000000000.0,1
508280093,54,170000000000000.0,1
508280093,55,394000000000000.0,0
508280093,56,400750000000000.0,0
508280093,57,394000000000000.0,0
508280093,58,400750000000000.0,0
508280093,60,400750000000000.0,0
508280093,61,394000000000000.0,0
508280093,62,400750000000000.0,0
508280093,63,400000000000000.0,0
508280093,66,249999984741210.94,1
508280093,73,50000000000000.0,0
537297470,6,800000000000000.0,0
537297470,7,800000000000000.0,0
537297470,8,800000000000000.0,0
537297470,9,100000000000000.0,0
537297470,10,200000000000000.0,0
537297470,11,300000000000000.0,0
537297470,12,400000000000000.0,0
537297470,13,499999969482421.9,0
537297470,14,600000000000000.0,0
537297470,15,700000000000000.0,0
537297470,16,800000000000000.0,0
537297470,17,900000000000000.0,0
537297470,18,999999938964843.8,0
537297470,19,1100000000000000.0,0
537297470,20,1200000000000000.0,0
537297470,21,1300000000000000.0,0
537297470,22,1400000000000000.0,0
537297470,23,1500000000000000.0,0
537297470,24,1600000000000000.0,0
537297470,25,1700000000000000.0,1
537297470,26,1650000000000000.0,0
537297470,27,1670000000000000.0,0
537297470,28,1690000000000000.0,0
537297470,29,1700000000000000.0,1
537297470,30,1700000000000000.0,1
537297470,31,1700000000000000.0,1
537297470,32,1700000000000000.0,0
537297470,33,1700000000000000.0,0
537297470,34,1700000000000000.0,0
537297470,35,1720000000000000.0,0
537297470,36,1760000000000000.0,0
537297470,37,1800000000000000.0,1
537297470,38,1800000000000000.0,1
537297470,39,1770000000000000.0,0
537297470,40,1790000000000000.0,0
537297470,41,1800000000000000.0,1
537297470,42,1800000000000000.0,0
537297470,43,1800000000000000.0,0
537297470,44,1820000000000000.0,0
537297470,45,1850000000000000.0,0
537297470,46,1889999877929687.5,1
537297470,47,1889999877929687.5,1
537297470,48,1869999877929687.5,1
537297470,49,1869999877929687.5,1
537297470,50,1869999877929687.5,1
537297470,51,1869999877929687.5,0
537297470,52,1869999877929687.5,0
537297470,53,160000000000000.0,0
537297470,54,140000000000000.0,0
537297470,55,120000000000000.0,0
537297470,56,100000000000000.0,0
537297470,57,80000000000000.0,0
537297470,58,60000000000000.0,0
537297470,59,50000000000000.0,0
537297470,60,50000000000000.0,0
537297470,61,50000000000000.0,0
537297470,62,70000000000000.0,0
537297470,63,90000000000000.0,0
537297470,64,110000000000000.0,0
537297470,65,130000000000000.0,0
537297470,66,150000000000000.0,0
537297470,67,170000000000000.0,0
537297470,68,190000000000000.0,0
537297470,69,210000000000000.0,0
537297470,70,230000000000000.0,0
537297470,71,249999984741210.94,0
537297470,72,270000000000000.0,0
537297470,73,290000000000000.0,0
537297470,74,310000000000000.0,0
537297470,75,330000000000000.0,1
537297470,76,350000000000000.0,1
537297470,77,370000000000000.0,4
537297470,78,390000000000000.0,6
537297470,79,410000000000000.0,7
537297470,80,430000000000000.0,9
537297470,81,450000000000000.0,10
537297470,82,469999969482421.9,11
537297470,83,320000000000000.0,0
537297470,84,330000000000000.0,1
537297470,85,330000000000000.0,1
537297470,86,330000000000000.0,1
537297470,87,330000000000000.0,1
537297470,88,764875000000000.0,0
537297470,89,778000000000000.0,0
537297470,90,764875000000000.0,0
537297470,91,778000000000000.0,0
537297470,92,764875000000000.0,0
537297470,93,778000000000000.0,0
537297470,94,764875000000000.0,0
537297470,95,778000000000000.0,0
537297470,97,400000000000000.0,0
537297470,98,400000000000000.0,0
537297470,99,330000000000000.0,0
537297470,100,340000000000000.0,0
537297470,101,350000000000000.0,1
537297470,104,360000000000000.0,1
537297470,105,360000000000000.0,1
537297470,106,360000000000000.0,1
537297470,107,360000000000000.0,1
537297470,108,400000000000000.0,2
537297470,109,400000000000000.0,2
537297470,110,400000000000000.0,3
537297470,111,400000000000000.0,4
537297470,112,440000000000000.0,7
537297470,113,440000000000000.0,7
537297470,114,440000000000000.0,7
537297470,115,440000000000000.0,7
537297470,122,50000000000000.0,0
537297470,123,50000000000000.0,0
508366192,4,800000000000000.0,0
508366192,5,800000000000000.0,0
508366192,6,800000000000000.0,0
508366192,7,100000000000000.0,0
508366192,8,200000000000000.0,0
508366192,9,300000000000000.0,0
508366192,10,400000000000000.0,0
508366192,11,499999969482421.9,0
508366192,12,600000000000000.0,0
508366192,13,700000000000000.0,0
508366192,14,800000000000000.0,0
508366192,15,900000000000000.0,0
508366192,16,999999938964843.8,0
508366192,17,1100000000000000.0,0
508366192,18,1200000000000000.0,0
508366192,19,1300000000000000.0,0
508366192,20,1400000000000000.0,0
508366192,21,1500000000000000.0,0
508366192,22,1600000000000000.0,0
508366192,23,1700000000000000.0,0
508366192,24,1800000000000000.0,0
508366192,25,1899999877929687.5,0
508366192,26,1999999877929687.5,0
508366192,27,2100000000000000.0,0
508366192,28,2200000000000000.0,0
508366192,29,2300000000000000.0,1
508366192,30,2250000000000000.0,1
508366192,31,2230000000000000.0,0
508366192,32,2240000000000000.0,0
508366192,33,2250000000000000.0,0
508366192,34,2260000000000000.0,0
508366192,35,2270000000000000.0,0
508366192,36,2280000000000000.0,1
508366192,37,2280000000000000.0,0
508366192,38,2280000000000000.0,0
508366192,39,2280000000000000.0,0
508366192,40,2290000000000000.0,0
508366192,41,2300000000000000.0,0
508366192,42,2310000000000000.0,0
508366192,43,2320000000000000.0,0
508366192,44,2330000000000000.0,0
508366192,45,2340000000000000.0,0
508366192,46,2350000000000000.0,0
508366192,47,2370000000000000.0,0
508366192,48,2390000000000000.0,0
508366192,49,2410000000000000.0,0
508366192,50,2430000000000000.0,0
508366192,51,2450000000000000.0,0
508366192,52,2500000000000000.0,1
508366192,53,2500000000000000.0,1
508366192,54,2500000000000000.0,0
508366192,55,2500000000000000.0,0
508366192,56,2500000000000000.0,0
508366192,57,2550000000000000.0,0
508366192,58,2600000000000000.0,1
508366192,59,2600000000000000.0,1
508366192,60,2600000000000000.0,1
508366192,61,2600000000000000.0,1
508366192,62,2600000000000000.0,1
508366192,63,160000000000000.0,0
508366192,64,140000000000000.0,0
508366192,65,120000000000000.0,0
508366192,66,100000000000000.0,0
508366192,67,80000000000000.0,0
508366192,68,60000000000000.0,0
508366192,69,50000000000000.0,0
508366192,70,50000000000000.0,0
508366192,71,50000000000000.0,0
508366192,72,70000000000000.0,0
508366192,73,90000000000000.0,0
508366192,74,110000000000000.0,0
508366192,75,130000000000000.0,0
508366192,76,150000000000000.0,0
508366192,77,170000000000000.0,0
508366192,78,190000000000000.0,0
508366192,79,210000000000000.0,0
508366192,80,230000000000000.0,1
508366192,82,270000000000000.0,2
508366192,83,290000000000000.0,2
508366192,84,310000000000000.0,4
508366192,85,330000000000000.0,4
508366192,86,350000000000000.0,4
508366192,89,210000000000000.0,0
508366192,90,220000000000000.0,0
508366192,91,230000000000000.0,1
508366192,92,230000000000000.0,1
508366192,93,230000000000000.0,1
508366192,94,230000000000000.0,1
508366192,95,533125000000000.0,0
508366192,102,542250000000000.0,0
508366192,104,400000000000000.0,0
508366192,105,400000000000000.0,0
508366192,106,230000000000000.0,1
508366192,107,230000000000000.0,0
508366192,108,230000000000000.0,0
508366192,109,230000000000000.0,0
508366192,110,270000000000000.0,1
508366192,111,270000000000000.0,1
508366192,112,270000000000000.0,1
508366192,113,270000000000000.0,1
508366192,114,310000000000000.0,2
508366192,117,310000000000000.0,1
508366192,123,50000000000000.0,0
571430815,5,800000000000000.0,0
571430815,7,100000000000000.0,0
571430815,8,200000000000000.0,0
571430815,11,499999969482421.9,3
571430815,12,450000000000000.0,0
571430815,13,469999969482421.9,0
571430815,14,489999969482421.9,3
571430815,15,489999969482421.9,0
571430815,16,489999969482421.9,3
571430815,17,489999969482421.9,3
571430815,19,160000000000000.0,0
571430815,20,140000000000000.0,0
571430815,22,100000000000000.0,0
571430815,23,80000000000000.0,0
571430815,24,60000000000000.0,0
571430815,25,50000000000000.0,0
571430815,28,70000000000000.0,15
571430815,30,110000000000000.0,21
571430815,31,130000000000000.0,24
571430815,33,170000000000000.0,28
571430815,34,50000000000000.0,4
571430815,35,50000000000000.0,4
571430815,37,50000000000000.0,3
571430815,39,70000000000000.0,13
571430815,40,70000000000000.0,13
571430815,41,70000000000000.0,13
571430815,43,70750000000000.0,0
571430815,44,69500000000000.0,0
571430815,45,70750000000000.0,0
571430815,47,400000000000000.0,0
571430815,48,400000000000000.0,0
571430815,49,400000000000000.0,0
571430815,54,400000000000000.0,0
571430815,55,400000000000000.0,0
571430815,56,400000000000000.0,0
571430815,59,50000000000000.0,0
508405843,4,800000000000000.0,0
508405843,5,800000000000000.0,0
508405843,6,800000000000000.0,0
508405843,7,100000000000000.0,0
508405843,8,200000000000000.0,0
508405843,9,300000000000000.0,0
508405843,10,400000000000000.0,1
508405843,11,350000000000000.0,0
508405843,12,370000000000000.0,0
508405843,13,390000000000000.0,0
508405843,14,410000000000000.0,0
508405843,15,430000000000000.0,0
508405843,16,450000000000000.0,1
508405843,18,450000000000000.0,1
508405843,19,450000000000000.0,1
508405843,20,450000000000000.0,0
508405843,22,460000000000000.0,1
508405843,23,460000000000000.0,1
508405843,24,460000000000000.0,0
508405843,25,460000000000000.0,1
508405843,26,460000000000000.0,1
508405843,27,160000000000000.0,0
508405843,28,140000000000000.0,0
508405843,30,100000000000000.0,0
508405843,31,80000000000000.0,0
508405843,33,50000000000000.0,0
508405843,35,50000000000000.0,1
508405843,36,70000000000000.0,8
508405843,37,90000000000000.0,15
508405843,38,110000000000000.0,21
508405843,40,150000000000000.0,29
508405843,41,170000000000000.0,33
508405843,43,50000000000000.0,0
508405843,45,50000000000000.0,1
508405843,46,50000000000000.0,1
508405843,47,50000000000000.0,1
508405843,48,115875000000000.0,0
508405843,49,117875000000000.0,0
508405843,50,115875000000000.0,0
508405843,51,117875000000000.0,0
508405843,52,115875000000000.0,0
508405843,53,117875000000000.0,0
508405843,54,115875000000000.0,0
508405843,55,117875000000000.0,0
508405843,57,400000000000000.0,0
508405843,58,400000000000000.0,0
508405843,61,50000000000000.0,0
528020422,4,800000000000000.0,0
528020422,5,800000000000000.0,0
528020422,6,800000000000000.0,0
528020422,7,100000000000000.0,0
528020422,8,200000000000000.0,0
528020422,9,300000000000000.0,0
528020422,10,400000000000000.0,0
528020422,11,499999969482421.9,0
528020422,12,600000000000000.0,0
528020422,13,700000000000000.0,0
528020422,14,800000000000000.0,0
528020422,15,900000000000000.0,0
528020422,16,999999938964843.8,0
528020422,17,1100000000000000.0,0
528020422,18,1200000000000000.0,0
528020422,19,1300000000000000.0,0
528020422,20,1400000000000000.0,0
528020422,21,1500000000000000.0,0
528020422,22,1600000000000000.0,0
528020422,23,1700000000000000.0,1
528020422,24,1650000000000000.0,1
528020422,25,1630000000000000.0,1
528020422,26,1610000000000000.0,0
528020422,28,1630000000000000.0,0
528020422,29,1640000000000000.0,0
528020422,30,1650000000000000.0,0
528020422,31,1660000000000000.0,0
528020422,32,1670000000000000.0,0
528020422,33,1680000000000000.0,1
528020422,35,1680000000000000.0,1
528020422,36,1680000000000000.0,1
528020422,38,160000000000000.0,0
528020422,40,120000000000000.0,0
528020422,41,100000000000000.0,0
528020422,42,80000000000000.0,0
528020422,43,60000000000000.0,0
528020422,44,50000000000000.0,0
528020422,45,50000000000000.0,0
528020422,46,50000000000000.0,0
528020422,47,70000000000000.0,0
528020422,48,90000000000000.0,0
528020422,49,110000000000000.0,1
528020422,50,130000000000000.0,1
528020422,51,150000000000000.0,1
528020422,52,170000000000000.0,2
528020422,53,190000000000000.0,3
528020422,54,210000000000000.0,4
528020422,55,230000000000000.0,5
528020422,56,249999984741210.94,6
528020422,57,100000000000000.0,0
528020422,58,110000000000000.0,0
528020422,59,119999992370605.47,1
528020422,60,119999992370605.47,1
528020422,61,119999992370605.47,1
528020422,62,119999992370605.47,1
528020422,63,278125000000000.0,0
528020422,64,283125000000000.0,0
528020422,65,278125000000000.0,0
528020422,66,283125000000000.0,0
528020422,68,283125000000000.0,0
528020422,70,50000000000000.0,0
527890048,4,800000000000000.0,0
527890048,5,800000000000000.0,0
527890048,6,800000000000000.0,0
527890048,7,100000000000000.0,0
527890048,8,200000000000000.0,0
527890048,9,300000000000000.0,0
527890048,10,400000000000000.0,0
527890048,11,499999969482421.9,0
527890048,12,600000000000000.0,1
527890048,13,550000000000000.0,0
527890048,14,570000000000000.0,0
527890048,15,590000000000000.0,0
527890048,16,600000000000000.0,1
527890048,17,600000000000000.0,1
527890048,19,600000000000000.0,1
527890048,20,600000000000000.0,1
527890048,22,140000000000000.0,0
527890048,24,100000000000000.0,0
527890048,25,80000000000000.0,0
527890048,26,60000000000000.0,0
527890048,27,50000000000000.0,0
527890048,28,50000000000000.0,0
527890048,29,50000000000000.0,0
527890048,31,90000000000000.0,0
527890048,32,110000000000000.0,4
527890048,33,130000000000000.0,11
527890048,34,150000000000000.0,17
527890048,35,170000000000000.0,22
527890048,38,230000000000000.0,40
527890048,39,249999984741210.94,43
527890048,41,90000000000000.0,6
527890048,43,80000000000000.0,1
527890048,44,80000000000000.0,3
527890048,45,80000000000000.0,4
527890048,48,185375000000000.0,0
527890048,49,188625000000000.0,0
527890048,50,185375000000000.0,0
527890048,52,185375000000000.0,0
527890048,53,188625000000000.0,0
527890048,55,188625000000000.0,0
527890048,58,400000000000000.0,0
527890048,59,80000000000000.0,2
527890048,62,80000000000000.0,3
527890048,63,80000000000000.0,2
527890048,64,119999992370605.47,13
527890048,65,119999992370605.47,12
527890048,66,119999992370605.47,13
527890048,67,119999992370605.47,13
527890048,68,160000000000000.0,22
527890048,69,160000000000000.0,21
527890048,70,160000000000000.0,21
527890048,71,160000000000000.0,20
527890048,72,600000000000000.0,0
527890048,73,650000000000000.0,1
527890048,75,610000000000000.0,0
527890048,76,620000000000000.0,1
527890048,77,620000000000000.0,0
527890048,78,620000000000000.0,0
527890048,79,620000000000000.0,0
527890048,80,620000000000000.0,0
527890048,81,620000000000000.0,0
527890048,82,620000000000000.0,0
527890048,83,620000000000000.0,0
527890048,84,620000000000000.0,0
527890048,85,620000000000000.0,0
527890048,86,620000000000000.0,0
527890048,87,620000000000000.0,0
527890048,88,620000000000000.0,0
527890048,89,620000000000000.0,0
527890048,90,620000000000000.0,0
527890048,91,620000000000000.0,0
527890048,92,620000000000000.0,0
527890048,93,620000000000000.0,0
527890048,94,620000000000000.0,0
527890048,95,620000000000000.0,0
527890048,96,620000000000000.0,0
527890048,97,620000000000000.0,0
527890048,98,343500000000000.0,0
527890048,99,343500000000000.0,0
527890048,100,343500000000000.0,0
527890048,103,50000000000000.0,0
531523518,4,800000000000000.0,0
531523518,5,800000000000000.0,0
531523518,6,800000000000000.0,0
531523518,7,100000000000000.0,0
531523518,8,200000000000000.0,0
531523518,9,300000000000000.0,0
531523518,10,400000000000000.0,0
531523518,11,499999969482421.9,1
531523518,12,450000000000000.0,1
531523518,13,430000000000000.0,1
531523518,14,410000000000000.0,0
531523518,15,420000000000000.0,0
531523518,16,430000000000000.0,1
531523518,17,430000000000000.0,1
531523518,18,430000000000000.0,1
531523518,19,430000000000000.0,1
531523518,20,430000000000000.0,1
531523518,21,160000000000000.0,0
531523518,22,140000000000000.0,0
531523518,23,120000000000000.0,0
531523518,24,100000000000000.0,0
531523518,25,80000000000000.0,0
531523518,27,50000000000000.0,0
531523518,28,50000000000000.0,0
531523518,29,50000000000000.0,4
531523518,30,70000000000000.0,10
531523518,31,90000000000000.0,15
531523518,32,110000000000000.0,20
531523518,33,130000000000000.0,24
531523518,34,150000000000000.0,28
531523518,35,170000000000000.0,32
531523518,36,190000000000000.0,36
531523518,37,50000000000000.0,1
531523518,38,50000000000000.0,0
531523518,39,50000000000000.0,1
531523518,40,50000000000000.0,1
531523518,41,50000000000000.0,1
531523518,42,50000000000000.0,0
531523518,43,50000000000000.0,0
531523518,44,50000000000000.0,2
531523518,45,50000000000000.0,2
531523518,46,50000000000000.0,1
531523518,47,50000000000000.0,1
531523518,48,115875000000000.0,0
531523518,49,117875000000000.0,0
531523518,50,115875000000000.0,0
531523518,51,117875000000000.0,0
531523518,52,115875000000000.0,0
531523518,53,117875000000000.0,0
531523518,55,117875000000000.0,0
531523518,58,50000000000000.0,0
529997668,4,800000000000000.0,0
529997668,5,800000000000000.0,0
529997668,6,800000000000000.0,0
529997668,7,100000000000000.0,0
529997668,8,200000000000000.0,0
529997668,9,300000000000000.0,0
529997668,10,400000000000000.0,0
529997668,11,499999969482421.9,0
529997668,12,600000000000000.0,0
529997668,13,700000000000000.0,0
529997668,14,800000000000000.0,1
529997668,16,770000000000000.0,0
529997668,17,790000000000000.0,0
529997668,18,810000000000000.0,0
529997668,19,830000000000000.0,0
529997668,20,850000000000000.0,0
529997668,21,870000000000000.0,0
529997668,22,890000000000000.0,1
529997668,23,880000000000000.0,0
529997668,24,890000000000000.0,1
529997668,25,890000000000000.0,0
529997668,26,890000000000000.0,0
529997668,27,890000000000000.0,0
529997668,28,900000000000000.0,0
529997668,29,910000000000000.0,0
529997668,30,920000000000000.0,1
529997668,31,920000000000000.0,1
529997668,32,920000000000000.0,0
529997668,33,920000000000000.0,0
529997668,34,920000000000000.0,0
529997668,35,930000000000000.0,1
529997668,36,930000000000000.0,0
529997668,37,930000000000000.0,1
529997668,38,930000000000000.0,1
529997668,39,930000000000000.0,1
529997668,40,160000000000000.0,0
529997668,41,140000000000000.0,0
529997668,42,120000000000000.0,0
529997668,43,100000000000000.0,0
529997668,44,80000000000000.0,0
529997668,47,50000000000000.0,0
529997668,48,50000000000000.0,0
529997668,50,90000000000000.0,4
529997668,51,110000000000000.0,9
529997668,52,130000000000000.0,13
529997668,53,150000000000000.0,18
529997668,55,190000000000000.0,23
529997668,56,210000000000000.0,26
529997668,57,230000000000000.0,29
529997668,58,80000000000000.0,0
529997668,60,90000000000000.0,3
529997668,62,90000000000000.0,0
529997668,63,100000000000000.0,2
529997668,64,100000000000000.0,3
529997668,65,100000000000000.0,2
529997668,68,235624984741210.94,0
529997668,69,231875000000000.0,0
529997668,70,235624984741210.94,0
529997668,73,231875000000000.0,0
529997668,76,400000000000000.0,0
529997668,77,400000000000000.0,0
529997668,78,100000000000000.0,0
529997668,79,110000000000000.0,0
529997668,80,119999992370605.47,0
529997668,81,130000000000000.0,0
529997668,82,150000000000000.0,0
529997668,83,170000000000000.0,2
529997668,84,160000000000000.0,1
529997668,85,160000000000000.0,1
529997668,86,160000000000000.0,1
529997668,87,160000000000000.0,1
529997668,88,200000000000000.0,9
529997668,89,200000000000000.0,8
529997668,90,200000000000000.0,7
529997668,91,200000000000000.0,6
529997668,92,239999984741210.94,13
529997668,93,239999984741210.94,13
529997668,94,239999984741210.94,12
529997668,95,239999984741210.94,12
529997668,96,930000000000000.0,0
529997668,97,949999938964843.8,0
529997668,98,999999938964843.8,0
529997668,99,1050000000000000.0,0
529997668,100,1060000000000000.0,0
529997668,101,1070000000000000.0,0
529997668,102,1070000000000000.0,0
529997668,103,1070000000000000.0,0
529997668,105,1070000000000000.0,0
529997668,106,1070000000000000.0,0
529997668,107,1070000000000000.0,0
529997668,109,1070000000000000.0,0
529997668,110,1070000000000000.0,0
529997668,111,1070000000000000.0,0
529997668,112,1070000000000000.0,0
529997668,113,1070000000000000.0,0
529997668,114,1070000000000000.0,0
529997668,115,1070000000000000.0,0
529997668,116,1070000000000000.0,0
529997668,117,1070000000000000.0,0
529997668,118,1070000000000000.0,0
529997668,119,1070000000000000.0,0
529997668,120,1070000000000000.0,0
529997668,121,1070000000000000.0,0
529997668,122,687500000000000.0,0
529997668,123,687500000000000.0,0
529997668,124,687500000000000.0,0
529997668,127,50000000000000.0,0
571666289,5,800000000000000.0,0
571666289,6,800000000000000.0,0
571666289,7,800000000000000.0,0
571666289,9,300000000000000.0,0
571666289,10,600000000000000.0,0
571666289,11,900000000000000.0,0
571666289,12,1200000000000000.0,0
571666289,13,1500000000000000.0,0
571666289,14,1800000000000000.0,2
571666289,15,1600000000000000.0,0
571666289,16,1700000000000000.0,2
571666289,17,1650000000000000.0,2
571666289,18,1610000000000000.0,0
571666289,19,1630000000000000.0,0
571666289,20,1640000000000000.0,0
571666289,21,1650000000000000.0,2
571666289,22,1650000000000000.0,2
571666289,23,1650000000000000.0,2
571666289,24,1650000000000000.0,0
571666289,25,1650000000000000.0,0
571666289,26,1670000000000000.0,0
571666289,27,1680000000000000.0,0
571666289,28,1690000000000000.0,0
571666289,31,1700000000000000.0,2
571666289,32,1700000000000000.0,2
571666289,33,1700000000000000.0,2
571666289,34,270000000000000.0,0
571666289,35,230000000000000.0,0
571666289,36,190000000000000.0,0
571666289,37,150000000000000.0,0
571666289,38,110000000000000.0,0
571666289,39,70000000000000.0,0
571666289,40,50000000000000.0,0
571666289,41,59999996185302.734,0
571666289,42,100000000000000.0,0
571666289,43,140000000000000.0,1
571666289,44,180000000000000.0,5
571666289,45,220000000000000.0,8
571666289,46,260000000000000.0,12
571666289,47,300000000000000.0,15
571666289,48,340000000000000.0,19
571666289,51,140000000000000.0,1
571666289,52,140000000000000.0,1
571666289,53,140000000000000.0,1
571666289,54,140000000000000.0,1
571666289,56,180000000000000.0,4
571666289,57,180000000000000.0,4
571666289,58,180000000000000.0,4
571666289,59,220000000000000.0,8
571666289,60,220000000000000.0,8
571666289,61,140000000000000.0,1
571666289,62,324500000000000.0,0
571666289,63,330125000000000.0,0
571666289,64,140000000000000.0,1
571666289,65,324500000000000.0,0
571666289,67,400000000000000.0,0
571666289,68,400000000000000.0,0
571666289,69,400000000000000.0,0
571666289,70,400000000000000.0,0
571666289,71,400000000000000.0,0
571666289,72,400000000000000.0,0
571666289,73,400000000000000.0,0
571666289,74,400000000000000.0,0
571666289,75,400000000000000.0,0
571666289,76,400000000000000.0,0
571666289,79,50000000000000.0,0
541566300,6,800000000000000.0,0
541566300,7,800000000000000.0,0
541566300,8,800000000000000.0,0
541566300,9,100000000000000.0,0
541566300,10,200000000000000.0,0
541566300,11,300000000000000.0,0
541566300,12,400000000000000.0,0
541566300,13,499999969482421.9,0
541566300,14,600000000000000.0,0
541566300,15,700000000000000.0,0
541566300,16,800000000000000.0,0
541566300,17,900000000000000.0,0
541566300,18,999999938964843.8,0
541566300,19,1100000000000000.0,0
541566300,20,1200000000000000.0,0
541566300,21,1300000000000000.0,0
541566300,22,1400000000000000.0,0
541566300,23,1500000000000000.0,0
541566300,24,1600000000000000.0,0
541566300,25,1700000000000000.0,0
541566300,26,1800000000000000.0,0
541566300,27,1899999877929687.5,0
541566300,28,1999999877929687.5,0
541566300,29,2100000000000000.0,0
541566300,30,2200000000000000.0,0
541566300,31,2300000000000000.0,0
541566300,32,2400000000000000.0,0
541566300,33,2500000000000000.0,0
541566300,34,2600000000000000.0,0
541566300,35,2700000000000000.0,0
541566300,36,2800000000000000.0,0
541566300,37,2900000000000000.0,1
541566300,38,2850000000000000.0,0
541566300,39,2870000000000000.0,0
541566300,40,2890000000000000.0,0
541566300,41,2920000000000000.0,0
541566300,42,2970000000000000.0,0
541566300,43,3010000000000000.0,0
541566300,44,3080000000000000.0,1
541566300,45,3050000000000000.0,1
541566300,46,3030000000000000.0,1
541566300,47,3050000000000000.0,0
541566300,48,3080000000000000.0,0
541566300,49,3100000000000000.0,0
541566300,50,3130000000000000.0,0
541566300,51,3170000000000000.0,1
541566300,52,3170000000000000.0,0
541566300,53,3170000000000000.0,1
541566300,54,3170000000000000.0,1
541566300,55,3170000000000000.0,1
541566300,56,3170000000000000.0,0
541566300,57,3170000000000000.0,1
541566300,58,3200000000000000.0,0
541566300,59,160000000000000.0,0
541566300,60,140000000000000.0,0
541566300,61,120000000000000.0,0
541566300,62,100000000000000.0,0
541566300,63,80000000000000.0,0
541566300,64,60000000000000.0,0
541566300,65,50000000000000.0,0
541566300,66,50000000000000.0,0
541566300,67,50000000000000.0,0
541566300,68,70000000000000.0,0
541566300,69,90000000000000.0,0
541566300,70,110000000000000.0,0
541566300,71,130000000000000.0,0
541566300,72,150000000000000.0,0
541566300,73,170000000000000.0,0
541566300,74,190000000000000.0,0
541566300,75,210000000000000.0,0
541566300,76,230000000000000.0,0
541566300,77,249999984741210.94,0
541566300,78,270000000000000.0,0
541566300,79,290000000000000.0,0
541566300,80,310000000000000.0,0
541566300,81,330000000000000.0,0
541566300,82,350000000000000.0,0
541566300,83,370000000000000.0,0
541566300,84,390000000000000.0,0
541566300,85,410000000000000.0,0
541566300,86,430000000000000.0,0
541566300,87,450000000000000.0,0
541566300,88,469999969482421.9,0
541566300,89,489999969482421.9,1
541566300,90,509999969482421.9,1
541566300,91,530000000000000.0,1
541566300,92,550000000000000.0,1
541566300,93,570000000000000.0,2
541566300,94,590000000000000.0,2
541566300,95,610000000000000.0,2
541566300,96,630000000000000.0,2
541566300,97,479999969482421.9,0
541566300,98,489999969482421.9,1
541566300,99,489999969482421.9,1
541566300,100,489999969482421.9,1
541566300,101,489999969482421.9,1
541566300,102,489999969482421.9,1
541566300,103,489999969482421.9,1
541566300,104,1135750000000000.0,0
541566300,105,1155250000000000.0,0
541566300,106,1135750000000000.0,0
541566300,107,1155250000000000.0,0
541566300,108,1135750000000000.0,0
541566300,109,1155250000000000.0,0
541566300,110,1135750000000000.0,0
541566300,113,400000000000000.0,0
541566300,114,400000000000000.0,0
541566300,118,50000000000000.0,0
541566300,119,50000000000000.0,0
541571148,4,800000000000000.0,0
541571148,5,800000000000000.0,0
541571148,6,800000000000000.0,0
541571148,7,100000000000000.0,0
541571148,8,200000000000000.0,0
541571148,9,300000000000000.0,0
541571148,10,400000000000000.0,0
541571148,11,499999969482421.9,0
541571148,12,600000000000000.0,0
541571148,13,700000000000000.0,0
541571148,14,800000000000000.0,0
541571148,15,900000000000000.0,0
541571148,17,1100000000000000.0,1
541571148,18,1200000000000000.0,1
541571148,19,1300000000000000.0,1
541571148,20,1400000000000000.0,1
541571148,21,949999938964843.8,0
541571148,22,969999938964843.8,0
541571148,23,989999938964843.8,0
541571148,25,1009999938964843.8,0
541571148,26,1030000000000000.0,0
541571148,27,1050000000000000.0,1
541571148,28,1050000000000000.0,1
541571148,29,1050000000000000.0,1
541571148,30,1050000000000000.0,0
541571148,31,1050000000000000.0,0
541571148,32,1070000000000000.0,1
541571148,33,1070000000000000.0,1
541571148,34,1070000000000000.0,1
541571148,35,1070000000000000.0,1
541571148,36,1070000000000000.0,1
541571148,37,160000000000000.0,0
541571148,38,140000000000000.0,0
541571148,39,120000000000000.0,0
541571148,40,100000000000000.0,0
541571148,41,80000000000000.0,0
541571148,42,60000000000000.0,0
541571148,43,50000000000000.0,0
541571148,44,50000000000000.0,0
541571148,45,50000000000000.0,0
541571148,46,70000000000000.0,0
541571148,48,110000000000000.0,0
541571148,49,130000000000000.0,0
541571148,50,150000000000000.0,0
541571148,51,170000000000000.0,0
541571148,52,190000000000000.0,0
541571148,53,210000000000000.0,0
541571148,54,230000000000000.0,0
541571148,55,249999984741210.94,0
541571148,56,270000000000000.0,1
541571148,57,290000000000000.0,6
541571148,58,310000000000000.0,9
541571148,59,330000000000000.0,11
541571148,60,350000000000000.0,13
541571148,61,370000000000000.0,14
541571148,63,410000000000000.0,18
541571148,64,260000000000000.0,0
541571148,65,270000000000000.0,0
541571148,66,280000000000000.0,1
541571148,67,280000000000000.0,1
541571148,68,280000000000000.0,1
541571148,69,280000000000000.0,1
541571148,70,649000000000000.0,0
541571148,71,660125000000000.0,0
541571148,73,660125000000000.0,0
541571148,76,649000000000000.0,0
541571148,79,400000000000000.0,0
541571148,80,400000000000000.0,0
541571148,81,280000000000000.0,1
541571148,82,280000000000000.0,1
541571148,83,280000000000000.0,1
541571148,84,280000000000000.0,2
541571148,85,320000000000000.0,7
541571148,86,320000000000000.0,8
541571148,87,320000000000000.0,4
541571148,88,320000000000000.0,7
541571148,89,360000000000000.0,12
541571148,90,360000000000000.0,12
541571148,91,360000000000000.0,12
541571148,92,360000000000000.0,13
541571148,93,1070000000000000.0,0
541571148,94,1070000000000000.0,0
541571148,95,1070000000000000.0,0
541571148,96,1070000000000000.0,0
541571148,97,1070000000000000.0,0
541571148,98,1070000000000000.0,0
541571148,99,1070000000000000.0,0
541571148,100,1070000000000000.0,0
541571148,101,1070000000000000.0,0
541571148,102,1070000000000000.0,0
541571148,103,1070000000000000.0,0
541571148,104,1070000000000000.0,0
541571148,105,1070000000000000.0,0
541571148,106,1070000000000000.0,0
541571148,107,1070000000000000.0,0
541571148,108,1070000000000000.0,0
541571148,109,1070000000000000.0,0
541571148,110,1070000000000000.0,0
541571148,111,1070000000000000.0,0
541571148,112,1070000000000000.0,0
541571148,113,1070000000000000.0,0
541571148,115,1202500000000000.0,0
541571148,116,1202500000000000.0,0
541571148,118,50000000000000.0,0
508381568,5,800000000000000.0,0
508381568,6,800000000000000.0,0
508381568,7,800000000000000.0,0
508381568,8,100000000000000.0,0
508381568,9,200000000000000.0,0
508381568,10,300000000000000.0,0
508381568,11,400000000000000.0,0
508381568,12,499999969482421.9,0
508381568,13,600000000000000.0,0
508381568,14,700000000000000.0,0
508381568,15,800000000000000.0,0
508381568,16,900000000000000.0,0
508381568,17,999999938964843.8,0
508381568,18,1100000000000000.0,0
508381568,19,1200000000000000.0,0
508381568,20,1300000000000000.0,0
508381568,21,1400000000000000.0,0
508381568,22,1500000000000000.0,0
508381568,23,1600000000000000.0,0
508381568,24,1700000000000000.0,0
508381568,25,1800000000000000.0,0
508381568,26,1899999877929687.5,2
508381568,27,1850000000000000.0,0
508381568,28,1869999877929687.5,0
508381568,29,1879999877929687.5,0
508381568,30,1889999877929687.5,0
508381568,31,1899999877929687.5,2
508381568,32,1899999877929687.5,1
508381568,33,1899999877929687.5,0
508381568,34,1899999877929687.5,1
508381568,35,1899999877929687.5,0
508381568,36,160000000000000.0,0
508381568,37,140000000000000.0,0
508381568,38,120000000000000.0,0
508381568,39,100000000000000.0,0
508381568,40,80000000000000.0,0
508381568,42,50000000000000.0,0
508381568,43,50000000000000.0,0
508381568,44,50000000000000.0,0
508381568,45,70000000000000.0,0
508381568,46,90000000000000.0,0
508381568,48,130000000000000.0,0
508381568,49,150000000000000.0,0
508381568,50,170000000000000.0,1
508381568,51,190000000000000.0,1
508381568,52,210000000000000.0,1
508381568,53,230000000000000.0,1
508381568,54,249999984741210.94,1
508381568,55,270000000000000.0,2
508381568,57,310000000000000.0,4
508381568,58,170000000000000.0,0
508381568,60,190000000000000.0,1
508381568,61,190000000000000.0,1
508381568,62,190000000000000.0,1
508381568,63,440374969482421.9,0
508381568,64,448000000000000.0,0
508381568,65,440374969482421.9,0
508381568,66,448000000000000.0,0
508381568,67,440374969482421.9,0
508381568,68,448000000000000.0,0
508381568,69,440374969482421.9,0
508381568,70,448000000000000.0,0
508381568,72,400000000000000.0,0
508381568,73,400000000000000.0,0
508381568,81,50000000000000.0,0
520462275,4,800000000000000.0,0
520462275,5,800000000000000.0,0
520462275,6,800000000000000.0,0
520462275,7,100000000000000.0,0
520462275,8,200000000000000.0,0
520462275,9,300000000000000.0,0
520462275,10,400000000000000.0,0
520462275,11,499999969482421.9,0
520462275,12,600000000000000.0,0
520462275,13,700000000000000.0,0
520462275,14,800000000000000.0,0
520462275,15,900000000000000.0,0
520462275,16,999999938964843.8,0
520462275,17,1100000000000000.0,1
520462275,18,1200000000000000.0,1
520462275,19,1200000000000000.0,1
520462275,20,1200000000000000.0,1
520462275,21,1200000000000000.0,1
520462275,22,1200000000000000.0,1
520462275,23,160000000000000.0,0
520462275,24,140000000000000.0,0
520462275,25,120000000000000.0,0
520462275,27,80000000000000.0,0
520462275,28,60000000000000.0,0
520462275,29,50000000000000.0,0
520462275,30,50000000000000.0,0
520462275,31,50000000000000.0,0
520462275,32,70000000000000.0,0
520462275,33,90000000000000.0,1
520462275,34,110000000000000.0,5
520462275,35,130000000000000.0,8
520462275,37,170000000000000.0,12
520462275,38,190000000000000.0,13
520462275,39,210000000000000.0,14
520462275,40,230000000000000.0,17
520462275,41,80000000000000.0,1
520462275,42,80000000000000.0,1
520462275,43,80000000000000.0,0
520462275,44,90000000000000.0,3
520462275,46,90000000000000.0,1
520462275,47,90000000000000.0,1
520462275,50,208750000000000.0,0
520462275,52,208750000000000.0,0
520462275,53,212500000000000.0,0
520462275,55,212500000000000.0,0
520462275,58,400000000000000.0,0
520462275,59,400000000000000.0,0
520462275,60,90000000000000.0,1
520462275,61,90000000000000.0,2
520462275,62,90000000000000.0,0
520462275,63,90000000000000.0,1
520462275,64,130000000000000.0,7
520462275,65,130000000000000.0,6
520462275,66,130000000000000.0,7
520462275,67,130000000000000.0,7
520462275,68,170000000000000.0,11
520462275,69,170000000000000.0,10
520462275,70,170000000000000.0,10
520462275,71,170000000000000.0,10
520462275,72,1500000000000000.0,0
520462275,73,1500000000000000.0,0
520462275,74,1500000000000000.0,0
520462275,75,1500000000000000.0,0
520462275,76,1500000000000000.0,0
520462275,77,1500000000000000.0,0
520462275,78,1500000000000000.0,0
520462275,79,1500000000000000.0,0
520462275,80,1500000000000000.0,0
520462275,81,1500000000000000.0,0
520462275,82,1500000000000000.0,0
520462275,83,1500000000000000.0,0
520462275,84,1500000000000000.0,0
520462275,85,1500000000000000.0,0
520462275,86,1500000000000000.0,0
520462275,87,1500000000000000.0,0
520462275,88,1500000000000000.0,0
520462275,89,1500000000000000.0,0
520462275,90,1500000000000000.0,0
520462275,91,1500000000000000.0,0
520462275,95,50000000000000.0,0
526791834,4,800000000000000.0,0
526791834,5,800000000000000.0,0
526791834,6,800000000000000.0,0
526791834,7,100000000000000.0,0
526791834,8,200000000000000.0,0
526791834,9,300000000000000.0,0
526791834,10,400000000000000.0,0
526791834,11,499999969482421.9,0
526791834,12,600000000000000.0,0
526791834,13,700000000000000.0,0
526791834,14,800000000000000.0,0
526791834,15,900000000000000.0,0
526791834,16,999999938964843.8,0
526791834,17,1100000000000000.0,0
526791834,18,1200000000000000.0,0
526791834,19,1300000000000000.0,0
526791834,20,1400000000000000.0,0
526791834,21,1500000000000000.0,0
526791834,22,1600000000000000.0,0
526791834,23,1700000000000000.0,0
526791834,24,1800000000000000.0,0
526791834,25,1899999877929687.5,0
526791834,26,1999999877929687.5,0
526791834,27,2100000000000000.0,0
526791834,28,2200000000000000.0,0
526791834,29,2300000000000000.0,0
526791834,30,2400000000000000.0,0
526791834,31,2500000000000000.0,1
526791834,32,2500000000000000.0,1
526791834,33,2500000000000000.0,1
526791834,34,2500000000000000.0,1
526791834,35,2500000000000000.0,1
526791834,36,160000000000000.0,0
526791834,37,140000000000000.0,0
526791834,38,120000000000000.0,0
526791834,39,100000000000000.0,0
526791834,40,80000000000000.0,0
526791834,41,60000000000000.0,0
526791834,42,50000000000000.0,0
526791834,43,50000000000000.0,0
526791834,44,50000000000000.0,0
526791834,45,70000000000000.0,0
526791834,46,90000000000000.0,0
526791834,47,110000000000000.0,0
526791834,48,130000000000000.0,0
526791834,49,150000000000000.0,0
526791834,50,170000000000000.0,0
526791834,51,190000000000000.0,0
526791834,52,210000000000000.0,0
526791834,53,230000000000000.0,0
526791834,54,249999984741210.94,0
526791834,55,270000000000000.0,0
526791834,56,290000000000000.0,0
526791834,57,310000000000000.0,1
526791834,58,330000000000000.0,1
526791834,59,350000000000000.0,1
526791834,60,370000000000000.0,1
526791834,61,390000000000000.0,1
526791834,62,410000000000000.0,1
526791834,63,430000000000000.0,1
526791834,64,450000000000000.0,1
526791834,65,380000000000000.0,1
526791834,66,380000000000000.0,1
526791834,67,380000000000000.0,1
526791834,69,880749938964843.8,0
526791834,94,50000000000000.0,0
520454345,4,800000000000000.0,0
520454345,5,800000000000000.0,0
520454345,6,800000000000000.0,0
520454345,7,100000000000000.0,0
520454345,8,200000000000000.0,0
520454345,9,300000000000000.0,0
520454345,10,400000000000000.0,0
520454345,11,499999969482421.9,0
520454345,12,600000000000000.0,0
520454345,13,700000000000000.0,0
520454345,14,800000000000000.0,0
520454345,15,900000000000000.0,0
520454345,16,999999938964843.8,0
520454345,17,1100000000000000.0,0
520454345,18,1200000000000000.0,0
520454345,19,1300000000000000.0,0
520454345,20,1400000000000000.0,0
520454345,21,1500000000000000.0,0
520454345,22,1600000000000000.0,0
520454345,23,1700000000000000.0,2
520454345,24,1650000000000000.0,0
520454345,25,1670000000000000.0,0
520454345,26,1690000000000000.0,0
520454345,27,1710000000000000.0,0
520454345,28,1730000000000000.0,0
520454345,29,1750000000000000.0,0
520454345,30,1770000000000000.0,0
520454345,31,1790000000000000.0,2
520454345,32,1780000000000000.0,2
520454345,33,1780000000000000.0,2
520454345,34,1780000000000000.0,2
520454345,35,1780000000000000.0,2
520454345,36,1780000000000000.0,2
520454345,37,1780000000000000.0,2
520454345,38,160000000000000.0,0
520454345,39,140000000000000.0,0
520454345,40,120000000000000.0,0
520454345,41,100000000000000.0,0
520454345,42,80000000000000.0,0
520454345,44,50000000000000.0,0
520454345,45,50000000000000.0,0
520454345,46,50000000000000.0,0
520454345,47,70000000000000.0,0
520454345,48,90000000000000.0,0
520454345,49,110000000000000.0,0
520454345,50,130000000000000.0,2
520454345,51,150000000000000.0,2
520454345,52,170000000000000.0,2
520454345,53,190000000000000.0,3
520454345,54,210000000000000.0,3
520454345,55,230000000000000.0,3
520454345,56,249999984741210.94,4
520454345,57,270000000000000.0,7
520454345,58,119999992370605.47,2
520454345,59,110000000000000.0,2
520454345,60,100000000000000.0,0
520454345,61,110000000000000.0,2
520454345,62,110000000000000.0,2
520454345,63,110000000000000.0,2
520454345,64,254999984741210.94,0
520454345,65,259375000000000.0,0
520454345,66,254999984741210.94,0
520454345,68,254999984741210.94,0
520454345,70,254999984741210.94,0
520454345,71,259375000000000.0,0
520454345,73,400000000000000.0,0
520454345,74,400000000000000.0,0
520454345,75,110000000000000.0,0
520454345,76,119999992370605.47,1
520454345,77,119999992370605.47,0
520454345,78,119999992370605.47,0
520454345,79,119999992370605.47,0
520454345,80,160000000000000.0,2
520454345,81,160000000000000.0,2
520454345,82,160000000000000.0,2
520454345,83,160000000000000.0,2
520454345,84,200000000000000.0,2
520454345,85,200000000000000.0,2
520454345,86,200000000000000.0,2
520454345,87,200000000000000.0,2
520454345,88,1780000000000000.0,0
520454345,89,1790000000000000.0,0
520454345,90,1800000000000000.0,0
520454345,91,1810000000000000.0,0
520454345,92,1820000000000000.0,0
520454345,93,1830000000000000.0,0
520454345,94,1840000000000000.0,0
520454345,95,1850000000000000.0,0
520454345,96,1869999877929687.5,0
520454345,97,1889999877929687.5,0
520454345,98,1899999877929687.5,0
520454345,99,1909999877929687.5,0
520454345,100,1909999877929687.5,0
520454345,101,1909999877929687.5,0
520454345,102,1909999877929687.5,0
520454345,103,1909999877929687.5,0
520454345,104,1909999877929687.5,0
520454345,105,1909999877929687.5,0
520454345,106,1909999877929687.5,0
520454345,107,1909999877929687.5,0
520454345,108,1909999877929687.5,0
520454345,109,1909999877929687.5,0
520454345,110,1909999877929687.5,0
520454345,111,1909999877929687.5,0
520454345,112,1909999877929687.5,0
520454345,113,1909999877929687.5,0
520454345,114,1909999877929687.5,0
520454345,115,1909999877929687.5,0
520454345,116,1909999877929687.5,0
520454345,117,1909999877929687.5,0
520454345,118,1909999877929687.5,0
520454345,119,1909999877929687.5,0
520454345,120,515375000000000.0,0
520454345,121,515375000000000.0,0
520454345,122,515375000000000.0,0
520454345,125,50000000000000.0,0
529897150,4,800000000000000.0,0
529897150,5,800000000000000.0,0
529897150,6,800000000000000.0,0
529897150,7,100000000000000.0,0
529897150,8,200000000000000.0,0
529897150,9,300000000000000.0,0
529897150,10,400000000000000.0,0
529897150,11,499999969482421.9,0
529897150,12,600000000000000.0,0
529897150,13,700000000000000.0,0
529897150,14,800000000000000.0,0
529897150,15,900000000000000.0,0
529897150,16,999999938964843.8,0
529897150,17,1100000000000000.0,0
529897150,18,1200000000000000.0,0
529897150,19,1300000000000000.0,0
529897150,20,1400000000000000.0,0
529897150,21,1500000000000000.0,0
529897150,22,1600000000000000.0,0
529897150,23,1700000000000000.0,0
529897150,24,1800000000000000.0,0
529897150,25,1899999877929687.5,0
529897150,26,1999999877929687.5,0
529897150,27,2100000000000000.0,0
529897150,28,2200000000000000.0,0
529897150,29,2300000000000000.0,0
529897150,30,2400000000000000.0,0
529897150,31,2500000000000000.0,0
529897150,32,2600000000000000.0,0
529897150,33,2800000000000000.0,1
529897150,35,2700000000000000.0,0
529897150,39,2800000000000000.0,0
529897150,40,2800000000000000.0,0
529897150,41,160000000000000.0,0
529897150,42,140000000000000.0,0
529897150,43,120000000000000.0,0
529897150,44,100000000000000.0,0
529897150,45,80000000000000.0,0
529897150,46,60000000000000.0,0
529897150,47,50000000000000.0,0
529897150,48,50000000000000.0,0
529897150,49,50000000000000.0,0
529897150,50,70000000000000.0,0
529897150,51,90000000000000.0,0
529897150,52,110000000000000.0,0
529897150,53,130000000000000.0,0
529897150,54,150000000000000.0,0
529897150,55,170000000000000.0,0
529897150,56,190000000000000.0,0
529897150,57,210000000000000.0,0
529897150,58,230000000000000.0,0
529897150,59,249999984741210.94,0
529897150,60,270000000000000.0,0
529897150,61,290000000000000.0,0
529897150,62,310000000000000.0,0
529897150,63,330000000000000.0,0
529897150,64,350000000000000.0,0
529897150,65,370000000000000.0,0
529897150,66,390000000000000.0,1
529897150,67,410000000000000.0,1
529897150,68,430000000000000.0,1
529897150,69,450000000000000.0,1
529897150,70,469999969482421.9,1
529897150,71,489999969482421.9,1
529897150,72,509999969482421.9,1
529897150,82,50000000000000.0,0
545216846,4,800000000000000.0,0
545216846,5,800000000000000.0,0
545216846,6,800000000000000.0,0
545216846,7,100000000000000.0,0
545216846,8,200000000000000.0,0
545216846,9,300000000000000.0,0
545216846,10,400000000000000.0,0
545216846,11,499999969482421.9,0
545216846,12,600000000000000.0,0
545216846,13,700000000000000.0,0
545216846,14,800000000000000.0,0
545216846,15,900000000000000.0,0
545216846,16,999999938964843.8,3
545216846,17,999999938964843.8,3
545216846,18,949999938964843.8,3
545216846,19,900000000000000.0,3
545216846,20,850000000000000.0,0
545216846,21,900000000000000.0,3
545216846,22,900000000000000.0,0
545216846,23,900000000000000.0,0
545216846,24,949999938964843.8,3
545216846,25,949999938964843.8,3
545216846,26,949999938964843.8,3
545216846,27,949999938964843.8,3
545216846,28,949999938964843.8,3
545216846,29,160000000000000.0,0
545216846,30,140000000000000.0,0
545216846,31,120000000000000.0,0
545216846,32,100000000000000.0,0
545216846,33,80000000000000.0,0
545216846,34,60000000000000.0,0
545216846,35,50000000000000.0,0
545216846,36,50000000000000.0,0
545216846,37,50000000000000.0,0
545216846,38,70000000000000.0,0
545216846,39,90000000000000.0,2
545216846,40,110000000000000.0,3
545216846,41,130000000000000.0,3
545216846,42,150000000000000.0,3
545216846,43,170000000000000.0,3
545216846,44,190000000000000.0,3
545216846,45,210000000000000.0,4
545216846,46,230000000000000.0,4
545216846,47,80000000000000.0,0
545216846,48,90000000000000.0,2
545216846,49,90000000000000.0,2
545216846,50,90000000000000.0,2
545216846,51,90000000000000.0,2
545216846,52,208624984741210.94,0
545216846,53,212250000000000.0,0
545216846,54,208624984741210.94,0
545216846,55,212250000000000.0,0
545216846,56,208624984741210.94,0
545216846,57,212250000000000.0,0
545216846,58,208624984741210.94,0
545216846,59,212250000000000.0,0
545216846,60,400000000000000.0,0
545216846,61,400000000000000.0,0
545216846,63,100000000000000.0,1
545216846,64,100000000000000.0,2
545216846,65,100000000000000.0,1
545216846,66,100000000000000.0,2
545216846,67,140000000000000.0,2
545216846,68,140000000000000.0,2
545216846,69,140000000000000.0,2
545216846,70,140000000000000.0,2
545216846,71,180000000000000.0,3
545216846,72,180000000000000.0,2
545216846,73,180000000000000.0,3
545216846,74,180000000000000.0,3
545216846,75,900000000000000.0,0
545216846,76,900000000000000.0,0
545216846,77,900000000000000.0,0
545216846,78,949999938964843.8,0
545216846,79,949999938964843.8,0
545216846,80,949999938964843.8,0
545216846,81,949999938964843.8,0
545216846,82,949999938964843.8,0
545216846,83,949999938964843.8,0
545216846,84,949999938964843.8,0
545216846,85,949999938964843.8,0
545216846,86,949999938964843.8,0
545216846,87,949999938964843.8,0
545216846,88,949999938964843.8,0
545216846,89,949999938964843.8,0
545216846,90,949999938964843.8,0
545216846,91,949999938964843.8,0
545216846,92,949999938964843.8,0
545216846,93,949999938964843.8,0
545216846,94,949999938964843.8,0
545216846,95,949999938964843.8,0
545216846,96,949999938964843.8,0
545216846,97,949999938964843.8,0
545216846,98,949999938964843.8,0
545216846,99,949999938964843.8,0
545216846,103,50000000000000.0,0
529826240,4,800000000000000.0,0
529826240,5,800000000000000.0,0
529826240,6,800000000000000.0,0
529826240,7,100000000000000.0,0
529826240,8,200000000000000.0,0
529826240,9,300000000000000.0,0
529826240,10,400000000000000.0,0
529826240,11,499999969482421.9,0
529826240,12,600000000000000.0,0
529826240,13,700000000000000.0,0
529826240,14,800000000000000.0,0
529826240,15,900000000000000.0,0
529826240,16,999999938964843.8,0
529826240,17,1100000000000000.0,0
529826240,18,1200000000000000.0,0
529826240,19,1300000000000000.0,0
529826240,20,1400000000000000.0,0
529826240,21,1500000000000000.0,0
529826240,22,1600000000000000.0,0
529826240,23,1700000000000000.0,0
529826240,24,1800000000000000.0,0
529826240,25,1899999877929687.5,1
529826240,26,1850000000000000.0,1
529826240,27,1830000000000000.0,0
529826240,28,1840000000000000.0,0
529826240,29,1850000000000000.0,0
529826240,30,1860000000000000.0,0
529826240,31,1869999877929687.5,0
529826240,32,1879999877929687.5,0
529826240,33,1889999877929687.5,1
529826240,35,1889999877929687.5,0
529826240,36,1889999877929687.5,0
529826240,37,1889999877929687.5,1
529826240,38,1889999877929687.5,1
529826240,39,160000000000000.0,0
529826240,40,140000000000000.0,0
529826240,41,120000000000000.0,0
529826240,42,100000000000000.0,0
529826240,46,50000000000000.0,0
529826240,47,50000000000000.0,0
529826240,48,70000000000000.0,0
529826240,49,90000000000000.0,0
529826240,50,110000000000000.0,0
529826240,51,130000000000000.0,0
529826240,52,150000000000000.0,0
529826240,53,170000000000000.0,0
529826240,54,190000000000000.0,1
529826240,55,210000000000000.0,2
529826240,56,230000000000000.0,5
529826240,57,249999984741210.94,6
529826240,58,270000000000000.0,8
529826240,59,290000000000000.0,8
529826240,60,310000000000000.0,10
529826240,61,330000000000000.0,11
529826240,62,180000000000000.0,0
529826240,63,190000000000000.0,0
529826240,64,200000000000000.0,1
529826240,65,200000000000000.0,1
529826240,66,200000000000000.0,1
529826240,67,200000000000000.0,1
529826240,68,463750000000000.0,0
529826240,69,471249969482421.9,0
529826240,70,463750000000000.0,0
529826240,71,471249969482421.9,0
529826240,72,463750000000000.0,0
529826240,73,471249969482421.9,0
529826240,74,463750000000000.0,0
529826240,75,471249969482421.9,0
529826240,77,400000000000000.0,0
529826240,78,400000000000000.0,0
529826240,79,200000000000000.0,1
529826240,80,200000000000000.0,1
529826240,81,200000000000000.0,1
529826240,82,200000000000000.0,1
529826240,83,239999984741210.94,3
529826240,84,239999984741210.94,3
529826240,85,239999984741210.94,3
529826240,86,239999984741210.94,4
529826240,87,280000000000000.0,7
529826240,88,280000000000000.0,7
529826240,89,280000000000000.0,7
529826240,90,280000000000000.0,7
529826240,91,1889999877929687.5,0
529826240,92,1899999877929687.5,0
529826240,93,1909999877929687.5,0
529826240,94,1929999877929687.5,0
529826240,95,1949999877929687.5,0
529826240,96,1999999877929687.5,0
529826240,97,2100000000000000.0,0
529826240,98,2200000000000000.0,0
529826240,99,2300000000000000.0,0
529826240,100,2300000000000000.0,0
529826240,101,2300000000000000.0,0
529826240,102,2300000000000000.0,0
529826240,103,2300000000000000.0,0
529826240,104,2300000000000000.0,0
529826240,106,2300000000000000.0,0
529826240,107,2300000000000000.0,0
529826240,108,2300000000000000.0,0
529826240,109,2300000000000000.0,0
529826240,110,2300000000000000.0,0
529826240,111,2300000000000000.0,0
529826240,112,2300000000000000.0,0
529826240,113,2300000000000000.0,0
529826240,114,2300000000000000.0,0
529826240,115,2300000000000000.0,0
529826240,116,2300000000000000.0,0
529826240,117,2300000000000000.0,0
529826240,118,2300000000000000.0,0
529826240,119,2300000000000000.0,0
529826240,120,859375000000000.0,0
529826240,121,859375000000000.0,0
529826240,125,50000000000000.0,0
548440226,8,800000000000000.0,0
548440226,9,800000000000000.0,0
548440226,10,800000000000000.0,0
548440226,11,100000000000000.0,0
548440226,12,200000000000000.0,0
548440226,13,300000000000000.0,0
548440226,14,400000000000000.0,0
548440226,15,499999969482421.9,0
548440226,16,600000000000000.0,0
548440226,17,700000000000000.0,0
548440226,19,900000000000000.0,0
548440226,20,999999938964843.8,0
548440226,21,1100000000000000.0,0
548440226,22,1200000000000000.0,0
548440226,23,1300000000000000.0,0
548440226,24,1400000000000000.0,0
548440226,25,1500000000000000.0,0
548440226,26,1600000000000000.0,0
548440226,27,1700000000000000.0,0
548440226,28,1800000000000000.0,0
548440226,29,1899999877929687.5,0
548440226,30,1999999877929687.5,0
548440226,31,2100000000000000.0,0
548440226,32,2200000000000000.0,0
548440226,33,2300000000000000.0,0
548440226,34,2400000000000000.0,0
548440226,35,2500000000000000.0,0
548440226,36,2600000000000000.0,0
548440226,37,2700000000000000.0,0
548440226,38,2800000000000000.0,1
548440226,39,2750000000000000.0,0
548440226,40,2770000000000000.0,0
548440226,41,2790000000000000.0,0
548440226,42,2810000000000000.0,1
548440226,43,2810000000000000.0,1
548440226,44,2810000000000000.0,0
548440226,45,2810000000000000.0,0
548440226,46,2810000000000000.0,0
548440226,47,2830000000000000.0,0
548440226,48,2850000000000000.0,0
548440226,49,2870000000000000.0,0
548440226,50,2890000000000000.0,0
548440226,51,2920000000000000.0,0
548440226,52,3000000000000000.0,1
548440226,53,2950000000000000.0,0
548440226,54,2970000000000000.0,1
548440226,55,2970000000000000.0,1
548440226,56,2970000000000000.0,1
548440226,57,2970000000000000.0,0
548440226,58,2970000000000000.0,0
548440226,59,2970000000000000.0,0
548440226,60,2990000000000000.0,0
548440226,61,3010000000000000.0,0
548440226,62,3050000000000000.0,1
548440226,63,3030000000000000.0,0
548440226,64,3050000000000000.0,1
548440226,65,3050000000000000.0,1
548440226,66,3050000000000000.0,1
548440226,67,3050000000000000.0,1
548440226,68,3050000000000000.0,0
548440226,69,160000000000000.0,0
548440226,70,140000000000000.0,0
548440226,71,120000000000000.0,0
548440226,72,100000000000000.0,0
548440226,73,80000000000000.0,0
548440226,74,60000000000000.0,0
548440226,75,50000000000000.0,0
548440226,76,50000000000000.0,0
548440226,77,50000000000000.0,0
548440226,78,70000000000000.0,0
548440226,79,90000000000000.0,0
548440226,80,110000000000000.0,0
548440226,81,130000000000000.0,0
548440226,82,150000000000000.0,0
548440226,83,170000000000000.0,0
548440226,84,190000000000000.0,0
548440226,85,210000000000000.0,0
548440226,86,230000000000000.0,0
548440226,87,249999984741210.94,0
548440226,88,270000000000000.0,0
548440226,89,290000000000000.0,0
548440226,90,310000000000000.0,0
548440226,91,330000000000000.0,0
548440226,92,350000000000000.0,0
548440226,93,370000000000000.0,0
548440226,94,390000000000000.0,0
548440226,95,410000000000000.0,0
548440226,96,430000000000000.0,0
548440226,97,450000000000000.0,0
548440226,98,469999969482421.9,1
548440226,99,489999969482421.9,2
548440226,100,509999969482421.9,2
548440226,101,530000000000000.0,2
548440226,102,550000000000000.0,2
548440226,103,570000000000000.0,2
548440226,104,590000000000000.0,2
548440226,105,610000000000000.0,2
548440226,106,460000000000000.0,1
548440226,107,450000000000000.0,1
548440226,108,440000000000000.0,0
548440226,109,450000000000000.0,1
548440226,110,450000000000000.0,0
548440226,111,450000000000000.0,0
548440226,112,450000000000000.0,0
548440226,113,450000000000000.0,0
548440226,114,460000000000000.0,1
548440226,115,460000000000000.0,1
548440226,116,460000000000000.0,1
548440226,117,460000000000000.0,1
548440226,118,460000000000000.0,0
548440226,119,460000000000000.0,1
548440226,120,499999969482421.9,2
548440226,121,499999969482421.9,2
548440226,122,1066250000000000.0,0
548440226,123,1084500000000000.0,0
548440226,133,50000000000000.0,0
539640827,4,800000000000000.0,0
539640827,5,800000000000000.0,0
539640827,6,800000000000000.0,0
539640827,7,100000000000000.0,0
539640827,8,200000000000000.0,0
539640827,9,300000000000000.0,0
539640827,10,400000000000000.0,0
539640827,11,499999969482421.9,1
539640827,12,450000000000000.0,0
539640827,13,469999969482421.9,0
539640827,14,489999969482421.9,0
539640827,15,499999969482421.9,0
539640827,16,509999969482421.9,1
539640827,17,509999969482421.9,1
539640827,18,509999969482421.9,0
539640827,19,509999969482421.9,1
539640827,20,509999969482421.9,1
539640827,21,509999969482421.9,1
539640827,22,160000000000000.0,0
539640827,23,140000000000000.0,0
539640827,24,120000000000000.0,0
539640827,25,100000000000000.0,0
539640827,26,80000000000000.0,0
539640827,27,60000000000000.0,0
539640827,28,50000000000000.0,0
539640827,29,50000000000000.0,0
539640827,30,50000000000000.0,0
539640827,31,70000000000000.0,0
539640827,32,90000000000000.0,0
539640827,33,110000000000000.0,0
539640827,34,130000000000000.0,1
539640827,35,150000000000000.0,3
539640827,36,170000000000000.0,6
539640827,37,190000000000000.0,13
539640827,39,230000000000000.0,21
539640827,40,249999984741210.94,24
539640827,41,270000000000000.0,26
539640827,42,119999992370605.47,0
539640827,44,140000000000000.0,1
539640827,45,140000000000000.0,1
539640827,46,140000000000000.0,1
539640827,47,140000000000000.0,1
539640827,48,324500000000000.0,0
539640827,50,324500000000000.0,0
539640827,52,324500000000000.0,0
539640827,53,330125000000000.0,0
539640827,55,400000000000000.0,0
539640827,59,140000000000000.0,1
539640827,60,140000000000000.0,1
539640827,61,180000000000000.0,6
539640827,62,180000000000000.0,6
539640827,63,180000000000000.0,4
539640827,64,180000000000000.0,6
539640827,65,220000000000000.0,20
539640827,67,220000000000000.0,19
539640827,68,220000000000000.0,19
539640827,69,509999969482421.9,0
539640827,70,520000000000000.0,1
539640827,71,520000000000000.0,0
539640827,72,530000000000000.0,0
539640827,73,540000000000000.0,0
539640827,74,540000000000000.0,0
539640827,75,540000000000000.0,0
539640827,76,540000000000000.0,0
539640827,77,540000000000000.0,0
539640827,78,540000000000000.0,0
539640827,79,540000000000000.0,0
539640827,80,540000000000000.0,0
539640827,82,540000000000000.0,0
539640827,83,540000000000000.0,0
539640827,84,540000000000000.0,0
539640827,85,540000000000000.0,0
539640827,86,540000000000000.0,0
539640827,87,540000000000000.0,0
539640827,90,540000000000000.0,0
539640827,91,540000000000000.0,0
539640827,92,540000000000000.0,0
539640827,93,540000000000000.0,0
539640827,96,601250000000000.0,0
539640827,99,50000000000000.0,0
519877177,4,800000000000000.0,0
519877177,5,800000000000000.0,0
519877177,6,800000000000000.0,0
519877177,7,100000000000000.0,0
519877177,8,200000000000000.0,0
519877177,9,300000000000000.0,0
519877177,10,400000000000000.0,0
519877177,11,499999969482421.9,0
519877177,12,600000000000000.0,0
519877177,13,700000000000000.0,0
519877177,14,800000000000000.0,0
519877177,18,100000000000000.0,0
519877177,19,200000000000000.0,0
519877177,20,300000000000000.0,0
519877177,21,400000000000000.0,0
519877177,22,499999969482421.9,0
519877177,23,600000000000000.0,0
519877177,24,700000000000000.0,0
519877177,25,800000000000000.0,0
519877177,26,900000000000000.0,0
519877177,27,999999938964843.8,0
519877177,28,1100000000000000.0,0
519877177,29,1200000000000000.0,0
519877177,30,1300000000000000.0,0
519877177,31,1400000000000000.0,0
519877177,32,1500000000000000.0,0
519877177,33,1600000000000000.0,0
519877177,34,1700000000000000.0,0
519877177,35,1800000000000000.0,0
519877177,36,1899999877929687.5,0
519877177,37,1999999877929687.5,0
519877177,38,2100000000000000.0,0
519877177,39,2200000000000000.0,1
519877177,40,2150000000000000.0,0
519877177,41,2170000000000000.0,0
519877177,42,2190000000000000.0,0
519877177,43,2210000000000000.0,0
519877177,44,2230000000000000.0,1
519877177,45,2230000000000000.0,1
519877177,46,2230000000000000.0,1
519877177,47,2230000000000000.0,1
519877177,48,2230000000000000.0,1
519877177,49,160000000000000.0,0
519877177,50,140000000000000.0,0
519877177,51,120000000000000.0,0
519877177,52,100000000000000.0,0
519877177,53,80000000000000.0,0
519877177,54,60000000000000.0,0
519877177,55,50000000000000.0,0
519877177,56,50000000000000.0,0
519877177,57,50000000000000.0,0
519877177,58,70000000000000.0,0
519877177,59,90000000000000.0,0
519877177,60,110000000000000.0,0
519877177,61,130000000000000.0,0
519877177,62,150000000000000.0,0
519877177,63,170000000000000.0,0
519877177,64,190000000000000.0,0
519877177,71,330000000000000.0,0
519877177,75,410000000000000.0,0
519877177,76,430000000000000.0,0
519877177,77,450000000000000.0,1
519877177,78,469999969482421.9,2
519877177,79,489999969482421.9,2
519877177,81,530000000000000.0,4
519877177,82,550000000000000.0,6
519877177,83,570000000000000.0,7
519877177,84,590000000000000.0,8
519877177,85,440000000000000.0,2
519877177,86,430000000000000.0,2
519877177,87,400000000000000.0,0
519877177,88,410000000000000.0,1
519877177,89,410000000000000.0,2
519877177,90,410000000000000.0,0
519877177,91,430000000000000.0,0
519877177,92,440000000000000.0,0
519877177,93,450000000000000.0,1
519877177,94,450000000000000.0,1
519877177,97,460000000000000.0,2
519877177,98,460000000000000.0,2
519877177,99,460000000000000.0,2
519877177,100,460000000000000.0,2
519877177,101,1066250000000000.0,0
519877177,102,1084375000000000.0,0
519877177,103,1066250000000000.0,0
519877177,104,1084375000000000.0,0
519877177,106,1084375000000000.0,0
519877177,107,1066250000000000.0,0
519877177,108,1084375000000000.0,0
519877177,111,400000000000000.0,0
542174958,5,800000000000000.0,0
542174958,6,800000000000000.0,0
542174958,8,200000000000000.0,0
542174958,10,400000000000000.0,0
542174958,11,499999969482421.9,0
542174958,12,600000000000000.0,0
542174958,13,700000000000000.0,0
542174958,14,800000000000000.0,0
542174958,17,870000000000000.0,1
542174958,18,860000000000000.0,1
542174958,19,860000000000000.0,0
542174958,21,870000000000000.0,0
542174958,22,880000000000000.0,0
542174958,23,890000000000000.0,1
542174958,24,890000000000000.0,1
542174958,25,890000000000000.0,1
542174958,28,160000000000000.0,0
542174958,29,140000000000000.0,0
542174958,30,120000000000000.0,0
542174958,33,60000000000000.0,0
542174958,40,130000000000000.0,10
542174958,41,150000000000000.0,10
542174958,43,190000000000000.0,14
542174958,44,210000000000000.0,16
542174958,47,80000000000000.0,0
542174958,51,90000000000000.0,2
542174958,53,212250000000000.0,0
542174958,54,208624984741210.94,0
542174958,55,212250000000000.0,0
542174958,59,212250000000000.0,0
542174958,62,400000000000000.0,0
542174958,65,50000000000000.0,0
520631294,4,800000000000000.0,0
520631294,5,800000000000000.0,0
520631294,6,800000000000000.0,0
520631294,7,100000000000000.0,0
520631294,8,200000000000000.0,0
520631294,9,300000000000000.0,0
520631294,10,400000000000000.0,0
520631294,11,499999969482421.9,0
520631294,12,600000000000000.0,0
520631294,13,700000000000000.0,0
520631294,14,800000000000000.0,0
520631294,15,900000000000000.0,0
520631294,16,999999938964843.8,0
520631294,17,1100000000000000.0,0
520631294,18,1200000000000000.0,0
520631294,19,1300000000000000.0,0
520631294,20,1400000000000000.0,0
520631294,21,1500000000000000.0,0
520631294,22,1600000000000000.0,0
520631294,23,1700000000000000.0,0
520631294,24,1800000000000000.0,0
520631294,25,1899999877929687.5,2
520631294,26,1800000000000000.0,0
520631294,27,1850000000000000.0,0
520631294,28,1899999877929687.5,0
520631294,29,1999999877929687.5,2
520631294,30,1949999877929687.5,2
520631294,31,1929999877929687.5,0
520631294,32,1939999877929687.5,0
520631294,33,1949999877929687.5,0
520631294,34,1969999877929687.5,0
520631294,35,1989999877929687.5,0
520631294,36,1999999877929687.5,0
520631294,37,2009999877929687.5,0
520631294,38,2029999877929687.5,2
520631294,39,2019999877929687.5,2
520631294,40,2019999877929687.5,2
520631294,41,2019999877929687.5,2
520631294,42,2019999877929687.5,2
520631294,43,2019999877929687.5,2
520631294,44,2019999877929687.5,0
520631294,45,160000000000000.0,0
520631294,46,140000000000000.0,0
520631294,47,120000000000000.0,0
520631294,48,100000000000000.0,0
520631294,49,80000000000000.0,0
520631294,50,60000000000000.0,0
520631294,51,50000000000000.0,0
520631294,52,50000000000000.0,0
520631294,53,50000000000000.0,0
520631294,54,70000000000000.0,0
520631294,55,90000000000000.0,0
520631294,56,110000000000000.0,0
520631294,57,130000000000000.0,0
520631294,58,150000000000000.0,0
520631294,59,170000000000000.0,2
520631294,60,190000000000000.0,2
520631294,61,210000000000000.0,2
520631294,62,230000000000000.0,2
520631294,63,249999984741210.94,2
520631294,64,270000000000000.0,3
520631294,65,290000000000000.0,5
520631294,66,310000000000000.0,6
520631294,67,160000000000000.0,2
520631294,69,150000000000000.0,2
520631294,70,150000000000000.0,2
520631294,71,150000000000000.0,2
520631294,72,150000000000000.0,2
520631294,73,347625000000000.0,0
520631294,74,353625000000000.0,0
520631294,75,347625000000000.0,0
520631294,78,353625000000000.0,0
520631294,79,347625000000000.0,0
520631294,83,50000000000000.0,0
569849486,5,800000000000000.0,0
569849486,6,800000000000000.0,0
569849486,7,800000000000000.0,0
569849486,8,100000000000000.0,0
569849486,9,200000000000000.0,0
569849486,10,300000000000000.0,0
569849486,11,400000000000000.0,0
569849486,12,499999969482421.9,0
569849486,13,600000000000000.0,0
569849486,14,700000000000000.0,0
569849486,15,800000000000000.0,0
569849486,16,900000000000000.0,1
569849486,17,850000000000000.0,1
569849486,18,830000000000000.0,1
569849486,19,810000000000000.0,0
569849486,20,820000000000000.0,0
569849486,21,830000000000000.0,0
569849486,22,840000000000000.0,1
569849486,23,840000000000000.0,0
569849486,24,840000000000000.0,0
569849486,25,840000000000000.0,0
569849486,26,840000000000000.0,0
569849486,27,850000000000000.0,0
569849486,28,860000000000000.0,0
569849486,29,870000000000000.0,0
569849486,30,880000000000000.0,0
569849486,31,890000000000000.0,1
569849486,32,890000000000000.0,1
569849486,33,890000000000000.0,1
569849486,34,890000000000000.0,0
569849486,35,890000000000000.0,0
569849486,36,900000000000000.0,0
569849486,37,910000000000000.0,1
569849486,38,910000000000000.0,0
569849486,39,910000000000000.0,1
569849486,40,910000000000000.0,0
569849486,41,910000000000000.0,0
569849486,42,920000000000000.0,1
569849486,43,920000000000000.0,1
569849486,44,920000000000000.0,1
569849486,45,920000000000000.0,1
569849486,46,920000000000000.0,1
569849486,47,920000000000000.0,1
569849486,48,920000000000000.0,0
569849486,49,920000000000000.0,0
569849486,50,160000000000000.0,0
569849486,51,140000000000000.0,0
569849486,52,120000000000000.0,0
569849486,53,100000000000000.0,0
569849486,54,80000000000000.0,0
569849486,55,60000000000000.0,0
569849486,56,50000000000000.0,0
569849486,57,50000000000000.0,0
569849486,58,50000000000000.0,0
569849486,59,70000000000000.0,0
569849486,60,90000000000000.0,0
569849486,61,110000000000000.0,4
569849486,62,130000000000000.0,7
569849486,63,150000000000000.0,10
569849486,64,170000000000000.0,12
569849486,65,190000000000000.0,14
569849486,66,210000000000000.0,17
569849486,67,230000000000000.0,19
569849486,68,249999984741210.94,21
569849486,69,100000000000000.0,1
569849486,70,100000000000000.0,1
569849486,71,100000000000000.0,1
569849486,72,100000000000000.0,1
569849486,73,100000000000000.0,2
569849486,74,100000000000000.0,2
569849486,75,140000000000000.0,9
569849486,76,140000000000000.0,9
569849486,80,235750000000000.0,0
569849486,91,400000000000000.0,0
569849486,95,50000000000000.0,0
528028846,4,800000000000000.0,0
528028846,5,800000000000000.0,0
528028846,6,800000000000000.0,0
528028846,7,100000000000000.0,0
528028846,8,200000000000000.0,0
528028846,9,300000000000000.0,0
528028846,10,400000000000000.0,1
528028846,11,350000000000000.0,1
528028846,12,330000000000000.0,0
528028846,13,340000000000000.0,1
528028846,14,340000000000000.0,1
528028846,15,340000000000000.0,1
528028846,16,340000000000000.0,1
528028846,17,340000000000000.0,1
528028846,18,160000000000000.0,0
528028846,19,140000000000000.0,0
528028846,20,120000000000000.0,0
528028846,21,100000000000000.0,0
528028846,22,80000000000000.0,0
528028846,23,60000000000000.0,0
528028846,24,50000000000000.0,0
528028846,25,50000000000000.0,0
528028846,26,50000000000000.0,0
528028846,27,70000000000000.0,0
528028846,28,90000000000000.0,0
528028846,29,110000000000000.0,0
528028846,30,130000000000000.0,2
528028846,31,150000000000000.0,5
528028846,32,170000000000000.0,3
528028846,33,190000000000000.0,4
528028846,34,210000000000000.0,34
528028846,35,230000000000000.0,46
528028846,41,140000000000000.0,1
528028846,42,130000000000000.0,1
528028846,43,130000000000000.0,1
528028846,44,130000000000000.0,1
528028846,45,130000000000000.0,1
528028846,46,301375000000000.0,0
528028846,48,301375000000000.0,0
528028846,50,301375000000000.0,0
528028846,51,306500000000000.0,0
528028846,53,306500000000000.0,0
528028846,55,400000000000000.0,0
528028846,56,400000000000000.0,0
528028846,59,50000000000000.0,0
537182609,4,800000000000000.0,0
537182609,5,800000000000000.0,0
537182609,6,800000000000000.0,0
537182609,7,100000000000000.0,0
537182609,8,200000000000000.0,0
537182609,9,300000000000000.0,0
537182609,10,400000000000000.0,0
537182609,11,499999969482421.9,0
537182609,12,600000000000000.0,0
537182609,13,700000000000000.0,0
537182609,14,800000000000000.0,0
537182609,15,900000000000000.0,0
537182609,16,999999938964843.8,0
537182609,17,1100000000000000.0,0
537182609,18,1200000000000000.0,0
537182609,19,1300000000000000.0,0
537182609,20,1400000000000000.0,0
537182609,21,1500000000000000.0,0
537182609,22,1600000000000000.0,0
537182609,23,1700000000000000.0,1
537182609,24,1650000000000000.0,0
537182609,25,1670000000000000.0,0
537182609,26,3380000000000000.0,1
537182609,27,1680000000000000.0,0
537182609,28,1690000000000000.0,1
537182609,29,1690000000000000.0,1
537182609,30,1690000000000000.0,0
537182609,31,1690000000000000.0,1
537182609,32,1690000000000000.0,0
537182609,33,160000000000000.0,0
537182609,34,140000000000000.0,0
537182609,35,120000000000000.0,0
537182609,36,100000000000000.0,0
537182609,37,80000000000000.0,0
537182609,39,50000000000000.0,0
537182609,40,50000000000000.0,0
537182609,41,50000000000000.0,0
537182609,43,90000000000000.0,0
537182609,44,110000000000000.0,0
537182609,45,130000000000000.0,0
537182609,46,150000000000000.0,0
537182609,47,170000000000000.0,0
537182609,48,190000000000000.0,0
537182609,49,210000000000000.0,2
537182609,50,230000000000000.0,3
537182609,51,249999984741210.94,5
537182609,52,270000000000000.0,7
537182609,53,290000000000000.0,8
537182609,54,310000000000000.0,9
537182609,55,330000000000000.0,11
537182609,56,350000000000000.0,12
537182609,57,200000000000000.0,0
537182609,58,210000000000000.0,1
537182609,59,210000000000000.0,1
537182609,60,210000000000000.0,1
537182609,61,210000000000000.0,1
537182609,62,486749969482421.9,0
537182609,63,495125000000000.0,0
537182609,64,486749969482421.9,0
537182609,65,495125000000000.0,0
537182609,66,486749969482421.9,0
537182609,68,486749969482421.9,0
537182609,69,495125000000000.0,0
537182609,71,400000000000000.0,0
537182609,72,400000000000000.0,0
537182609,75,50000000000000.0,0
508359535,4,800000000000000.0,0
508359535,5,800000000000000.0,0
508359535,6,800000000000000.0,0
508359535,7,100000000000000.0,0
508359535,8,200000000000000.0,0
508359535,9,300000000000000.0,0
508359535,10,400000000000000.0,0
508359535,11,499999969482421.9,0
508359535,12,600000000000000.0,0
508359535,13,700000000000000.0,0
508359535,14,800000000000000.0,0
508359535,15,900000000000000.0,0
508359535,16,999999938964843.8,0
508359535,17,1100000000000000.0,2
508359535,18,1050000000000000.0,0
508359535,19,1070000000000000.0,2
508359535,20,1060000000000000.0,2
508359535,21,1060000000000000.0,2
508359535,22,1060000000000000.0,0
508359535,23,1060000000000000.0,0
508359535,24,1060000000000000.0,2
508359535,25,160000000000000.0,0
508359535,26,140000000000000.0,0
508359535,28,100000000000000.0,0
508359535,29,80000000000000.0,0
508359535,30,60000000000000.0,0
508359535,31,50000000000000.0,0
508359535,32,50000000000000.0,0
508359535,33,50000000000000.0,0
508359535,34,70000000000000.0,0
508359535,35,90000000000000.0,0
508359535,36,110000000000000.0,2
508359535,37,130000000000000.0,2
508359535,38,150000000000000.0,2
508359535,39,170000000000000.0,2
508359535,40,190000000000000.0,4
508359535,41,210000000000000.0,10
508359535,42,230000000000000.0,12
508359535,43,249999984741210.94,14
508359535,44,110000000000000.0,1
508359535,45,110000000000000.0,1
508359535,46,110000000000000.0,1
508359535,47,110000000000000.0,1
508359535,48,254999984741210.94,0
508359535,49,259375000000000.0,0
508359535,50,254999984741210.94,0
508359535,51,259375000000000.0,0
508359535,52,254999984741210.94,0
508359535,53,259375000000000.0,0
508359535,54,254999984741210.94,0
508359535,55,259375000000000.0,0
508359535,57,400000000000000.0,0
508359535,58,400000000000000.0,0
508359535,59,1060000000000000.0,0
508359535,60,1080000000000000.0,0
508359535,61,1100000000000000.0,0
508359535,62,1200000000000000.0,0
508359535,63,1300000000000000.0,2
508359535,64,1250000000000000.0,2
508359535,65,1250000000000000.0,0
508359535,66,1250000000000000.0,0
508359535,67,1250000000000000.0,0
508359535,68,1250000000000000.0,0
508359535,69,1250000000000000.0,0
508359535,70,1250000000000000.0,0
508359535,71,1250000000000000.0,0
508359535,72,1250000000000000.0,0
508359535,73,1250000000000000.0,0
508359535,74,1250000000000000.0,0
508359535,75,1250000000000000.0,0
508359535,76,1250000000000000.0,0
508359535,78,1250000000000000.0,0
508359535,79,1250000000000000.0,0
508359535,80,1250000000000000.0,0
508359535,81,1250000000000000.0,0
508359535,82,1250000000000000.0,0
508359535,83,1250000000000000.0,0
508359535,84,1250000000000000.0,0
508359535,85,1250000000000000.0,0
508359535,86,100000000000000.0,0
508359535,87,200000000000000.0,0
508359535,88,300000000000000.0,0
508359535,89,400000000000000.0,0
508359535,90,499999969482421.9,0
508359535,91,600000000000000.0,0
508359535,92,700000000000000.0,0
508359535,93,800000000000000.0,1
508359535,94,750000000000000.0,0
508359535,95,770000000000000.0,0
508359535,96,780000000000000.0,1
508359535,97,780000000000000.0,1
508359535,98,780000000000000.0,0
508359535,99,780000000000000.0,0
508359535,100,780000000000000.0,1
508359535,101,100000000000000.0,0
508359535,102,200000000000000.0,0
508359535,103,300000000000000.0,0
508359535,104,400000000000000.0,0
508359535,105,499999969482421.9,0
508359535,106,600000000000000.0,0
508359535,107,700000000000000.0,0
508359535,108,800000000000000.0,0
508359535,109,900000000000000.0,0
508359535,110,999999938964843.8,0
508359535,111,1100000000000000.0,0
508359535,112,1200000000000000.0,0
508359535,113,1300000000000000.0,0
508359535,114,1400000000000000.0,0
508359535,115,1500000000000000.0,0
508359535,116,1600000000000000.0,2
508359535,117,1550000000000000.0,0
508359535,118,1570000000000000.0,2
508359535,119,1560000000000000.0,2
508359535,120,1560000000000000.0,2
508359535,121,1560000000000000.0,2
508359535,122,1560000000000000.0,0
508359535,123,1560000000000000.0,0
508359535,124,1560000000000000.0,0
508359535,125,1570000000000000.0,2
508359535,126,1570000000000000.0,2
508359535,127,1570000000000000.0,2
508359535,128,1570000000000000.0,2
508359535,129,1570000000000000.0,2
508359535,133,170000000000000.0,1
508359535,134,170000000000000.0,1
508359535,135,170000000000000.0,1
508359535,136,170000000000000.0,1
508359535,137,210000000000000.0,2
508359535,138,210000000000000.0,2
508359535,139,210000000000000.0,2
508359535,140,210000000000000.0,2
508359535,141,249999984741210.94,3
508359535,142,249999984741210.94,2
508359535,143,249999984741210.94,3
508359535,144,249999984741210.94,3
508359535,147,50000000000000.0,0
537218493,4,800000000000000.0,0
537218493,5,800000000000000.0,0
537218493,6,800000000000000.0,0
537218493,7,100000000000000.0,0
537218493,8,200000000000000.0,0
537218493,9,300000000000000.0,0
537218493,10,400000000000000.0,0
537218493,11,499999969482421.9,0
537218493,12,600000000000000.0,0
537218493,13,700000000000000.0,0
537218493,14,800000000000000.0,0
537218493,15,900000000000000.0,0
537218493,16,999999938964843.8,0
537218493,17,1100000000000000.0,0
537218493,18,1200000000000000.0,0
537218493,19,1300000000000000.0,0
537218493,20,1400000000000000.0,0
537218493,21,1500000000000000.0,1
537218493,22,1450000000000000.0,0
537218493,23,1470000000000000.0,0
537218493,24,1490000000000000.0,0
537218493,25,1500000000000000.0,0
537218493,26,1520000000000000.0,0
537218493,27,1530000000000000.0,0
537218493,28,1550000000000000.0,1
537218493,29,1550000000000000.0,0
537218493,30,1550000000000000.0,0
537218493,31,1560000000000000.0,0
537218493,32,1580000000000000.0,0
537218493,33,1580000000000000.0,0
537218493,34,1600000000000000.0,0
537218493,35,1620000000000000.0,0
537218493,36,1620000000000000.0,0
537218493,37,1650000000000000.0,0
537218493,38,1670000000000000.0,0
537218493,39,1690000000000000.0,0
537218493,40,1730000000000000.0,1
537218493,41,1730000000000000.0,1
537218493,42,1730000000000000.0,1
537218493,43,1730000000000000.0,1
537218493,44,1730000000000000.0,1
537218493,45,160000000000000.0,0
537218493,46,140000000000000.0,0
537218493,47,120000000000000.0,0
537218493,48,100000000000000.0,0
537218493,49,80000000000000.0,0
537218493,50,60000000000000.0,0
537218493,51,50000000000000.0,0
537218493,52,50000000000000.0,0
537218493,53,50000000000000.0,0
537218493,54,70000000000000.0,0
537218493,55,90000000000000.0,0
537218493,56,110000000000000.0,0
537218493,57,130000000000000.0,0
537218493,58,150000000000000.0,0
537218493,59,170000000000000.0,0
537218493,60,190000000000000.0,0
537218493,61,210000000000000.0,0
537218493,62,230000000000000.0,0
537218493,63,249999984741210.94,0
537218493,64,270000000000000.0,0
537218493,65,290000000000000.0,0
537218493,66,310000000000000.0,1
537218493,67,330000000000000.0,2
537218493,68,350000000000000.0,2
537218493,70,160000000000000.0,0
537218493,76,50000000000000.0,0
537218493,77,50000000000000.0,0
537218493,78,50000000000000.0,0
537218493,79,70000000000000.0,0
537218493,80,90000000000000.0,0
537218493,81,110000000000000.0,0
537218493,82,130000000000000.0,0
537218493,83,150000000000000.0,0
537218493,84,170000000000000.0,0
537218493,85,190000000000000.0,0
537218493,86,210000000000000.0,0
537218493,87,230000000000000.0,0
537218493,88,249999984741210.94,0
537218493,89,270000000000000.0,0
537218493,90,290000000000000.0,0
537218493,91,310000000000000.0,0
537218493,92,330000000000000.0,2
537218493,93,350000000000000.0,2
537218493,94,370000000000000.0,2
537218493,95,390000000000000.0,2
537218493,96,410000000000000.0,2
537218493,97,430000000000000.0,2
537218493,98,450000000000000.0,2
537218493,99,469999969482421.9,2
537218493,100,340000000000000.0,1
537218493,101,340000000000000.0,1
537218493,102,340000000000000.0,1
537218493,103,340000000000000.0,1
537218493,104,788125000000000.0,0
537218493,105,801625000000000.0,0
537218493,106,788125000000000.0,0
537218493,107,801625000000000.0,0
537218493,108,788125000000000.0,0
537218493,109,801625000000000.0,0
537218493,110,788125000000000.0,0
537218493,111,801625000000000.0,0
537218493,113,400000000000000.0,0
537218493,114,400000000000000.0,0
537218493,119,50000000000000.0,0
527890930,5,800000000000000.0,0
527890930,6,800000000000000.0,0
527890930,7,800000000000000.0,0
527890930,8,100000000000000.0,0
527890930,9,200000000000000.0,0
527890930,10,300000000000000.0,0
527890930,11,400000000000000.0,0
527890930,12,499999969482421.9,0
527890930,13,600000000000000.0,1
527890930,14,550000000000000.0,1
527890930,16,540000000000000.0,0
527890930,17,550000000000000.0,0
527890930,18,560000000000000.0,0
527890930,19,580000000000000.0,1
527890930,20,580000000000000.0,1
527890930,21,580000000000000.0,1
527890930,22,580000000000000.0,1
527890930,23,580000000000000.0,1
527890930,39,190000000000000.0,31
527890930,42,160000000000000.0,0
527890930,43,140000000000000.0,0
527890930,44,120000000000000.0,0
527890930,45,100000000000000.0,0
527890930,46,80000000000000.0,0
527890930,47,60000000000000.0,0
527890930,48,50000000000000.0,0
527890930,49,50000000000000.0,0
527890930,50,50000000000000.0,0
527890930,51,70000000000000.0,0
527890930,52,90000000000000.0,7
527890930,53,110000000000000.0,12
527890930,54,130000000000000.0,16
527890930,55,150000000000000.0,21
527890930,56,170000000000000.0,26
527890930,57,190000000000000.0,30
527890930,59,230000000000000.0,38
527890930,61,110000000000000.0,10
527890930,62,110000000000000.0,10
527890930,64,110000000000000.0,9
527890930,65,254999984741210.94,0
527890930,66,259375000000000.0,0
527890930,67,254999984741210.94,0
527890930,68,259375000000000.0,0
527890930,69,254999984741210.94,0
527890930,70,259375000000000.0,0
527890930,71,254999984741210.94,0
527890930,72,259375000000000.0,0
527890930,74,400000000000000.0,0
527890930,75,400000000000000.0,0
527890930,77,110000000000000.0,6
527890930,78,110000000000000.0,6
527890930,79,110000000000000.0,6
527890930,80,110000000000000.0,5
527890930,81,150000000000000.0,17
527890930,82,150000000000000.0,17
527890930,83,150000000000000.0,16
527890930,84,150000000000000.0,16
527890930,85,190000000000000.0,26
527890930,86,190000000000000.0,26
527890930,87,190000000000000.0,26
527890930,88,190000000000000.0,27
527890930,89,580000000000000.0,1
527890930,90,580000000000000.0,0
527890930,91,580000000000000.0,0
527890930,92,580000000000000.0,0
527890930,93,580000000000000.0,0
527890930,94,580000000000000.0,0
527890930,95,580000000000000.0,0
527890930,96,580000000000000.0,0
527890930,97,580000000000000.0,0
527890930,98,580000000000000.0,0
527890930,99,580000000000000.0,0
527890930,100,580000000000000.0,0
527890930,101,580000000000000.0,0
527890930,102,580000000000000.0,0
527890930,103,580000000000000.0,0
527890930,104,580000000000000.0,0
527890930,105,580000000000000.0,0
527890930,106,580000000000000.0,0
527890930,107,580000000000000.0,0
527890930,108,580000000000000.0,0
527890930,109,580000000000000.0,0
527890930,110,580000000000000.0,0
527890930,113,50000000000000.0,0
571654895,7,800000000000000.0,0
571654895,8,800000000000000.0,0
571654895,9,300000000000000.0,0
571654895,10,600000000000000.0,0
571654895,11,900000000000000.0,0
571654895,12,1200000000000000.0,1
571654895,13,1100000000000000.0,1
571654895,14,999999938964843.8,0
571654895,15,1050000000000000.0,1
571654895,16,1030000000000000.0,0
571654895,18,1040000000000000.0,0
571654895,19,1050000000000000.0,1
571654895,26,1070000000000000.0,0
571654895,28,1080000000000000.0,1
571654895,29,1080000000000000.0,1
571654895,30,1080000000000000.0,1
571654895,31,1080000000000000.0,1
571654895,32,1080000000000000.0,1
571654895,33,270000000000000.0,0
571654895,39,50000000000000.0,0
571654895,41,100000000000000.0,0
571654895,42,140000000000000.0,8
571654895,45,260000000000000.0,27
571654895,46,300000000000000.0,32
571654895,47,340000000000000.0,37
571654895,48,380000000000000.0,40
571654895,50,140000000000000.0,8
571654895,51,119999992370605.47,3
571654895,52,100000000000000.0,0
571654895,53,110000000000000.0,0
571654895,54,119999992370605.47,2
571654895,55,119999992370605.47,3
571654895,56,119999992370605.47,1
571654895,57,119999992370605.47,3
571654895,58,160000000000000.0,11
571654895,59,160000000000000.0,11
571654895,60,160000000000000.0,12
571654895,61,160000000000000.0,11
571654895,62,200000000000000.0,18
571654895,64,160000000000000.0,0
571654895,65,140000000000000.0,0
571654895,66,120000000000000.0,0
571654895,67,100000000000000.0,0
571654895,68,80000000000000.0,0
571654895,69,60000000000000.0,0
571654895,70,119999992370605.47,3
571654895,72,119999992370605.47,3
571654895,73,278125000000000.0,0
571654895,74,282875000000000.0,0
571654895,75,278125000000000.0,0
571654895,76,282875000000000.0,0
571654895,78,400000000000000.0,0
571654895,79,400000000000000.0,0
571654895,80,400000000000000.0,0
571654895,81,400000000000000.0,0
571654895,82,400000000000000.0,0
571654895,83,400000000000000.0,0
571654895,84,400000000000000.0,0
571654895,85,400000000000000.0,1
571654895,88,50000000000000.0,0
576117916,5,800000000000000.0,0
576117916,6,800000000000000.0,0
576117916,7,300000000000000.0,0
576117916,8,600000000000000.0,0
576117916,9,900000000000000.0,0
576117916,10,1200000000000000.0,1
576117916,11,1500000000000000.0,1
576117916,12,1800000000000000.0,1
576117916,13,999999938964843.8,0
576117916,14,1100000000000000.0,0
576117916,15,1150000000000000.0,0
576117916,16,1170000000000000.0,0
576117916,17,1200000000000000.0,1
576117916,18,1200000000000000.0,0
576117916,19,1200000000000000.0,0
576117916,20,1200000000000000.0,0
576117916,21,1200000000000000.0,0
576117916,22,1200000000000000.0,0
576117916,24,230000000000000.0,0
576117916,25,190000000000000.0,0
576117916,26,150000000000000.0,0
576117916,27,110000000000000.0,0
576117916,28,70000000000000.0,0
576117916,29,50000000000000.0,0
576117916,30,59999996185302.734,0
576117916,31,100000000000000.0,0
576117916,32,140000000000000.0,2
576117916,33,180000000000000.0,7
576117916,34,220000000000000.0,11
576117916,35,260000000000000.0,15
576117916,36,300000000000000.0,19
576117916,37,340000000000000.0,23
576117916,38,380000000000000.0,26
576117916,39,420000000000000.0,30
576117916,40,119999992370605.47,1
576117916,41,119999992370605.47,1
576117916,42,119999992370605.47,1
576117916,43,119999992370605.47,1
576117916,44,160000000000000.0,2
576117916,45,160000000000000.0,2
576117916,46,160000000000000.0,2
576117916,47,160000000000000.0,3
576117916,48,200000000000000.0,5
576117916,49,200000000000000.0,6
576117916,50,200000000000000.0,6
576117916,51,200000000000000.0,6
576117916,52,278125000000000.0,0
576117916,53,282875000000000.0,0
576117916,54,278125000000000.0,0
576117916,55,282875000000000.0,0
576117916,56,278125000000000.0,0
576117916,57,282875000000000.0,0
576117916,58,278125000000000.0,0
576117916,59,282875000000000.0,0
576117916,62,50000000000000.0,0
488392806,5,800000000000000.0,0
488392806,6,800000000000000.0,0
488392806,7,800000000000000.0,0
488392806,8,100000000000000.0,0
488392806,9,200000000000000.0,0
488392806,10,300000000000000.0,0
488392806,11,400000000000000.0,0
488392806,12,499999969482421.9,0
488392806,13,600000000000000.0,0
488392806,14,700000000000000.0,0
488392806,15,800000000000000.0,0
488392806,16,900000000000000.0,1
488392806,17,850000000000000.0,1
488392806,18,830000000000000.0,1
488392806,19,810000061035156.2,0
488392806,20,820000000000000.0,0
488392806,21,830000000000000.0,1
488392806,22,830000000000000.0,0
488392806,23,830000000000000.0,0
488392806,24,830000000000000.0,0
488392806,25,830000000000000.0,0
488392806,26,839999938964843.8,0
488392806,27,850000000000000.0,0
488392806,28,860000061035156.2,0
488392806,29,870000000000000.0,0
488392806,30,880000000000000.0,0
488392806,31,889999938964843.8,1
488392806,32,889999938964843.8,1
488392806,33,889999938964843.8,1
488392806,34,889999938964843.8,1
488392806,35,889999938964843.8,1
488392806,36,160000000000000.0,0
488392806,37,140000000000000.0,0
488392806,38,120000000000000.0,0
488392806,39,100000000000000.0,0
488392806,40,80000000000000.0,0
488392806,41,60000000000000.0,0
488392806,42,50000000000000.0,0
488392806,43,50000000000000.0,0
488392806,44,50000000000000.0,0
488392806,45,70000000000000.0,0
488392806,46,90000000000000.0,0
488392806,47,110000000000000.0,0
488392806,48,130000000000000.0,0
488392806,49,150000000000000.0,0
488392806,50,170000000000000.0,3
488392806,51,190000000000000.0,6
488392806,52,209999984741210.94,9
488392806,53,230000000000000.0,14
488392806,54,249999984741210.94,15
488392806,55,270000000000000.0,18
488392806,56,290000000000000.0,20
488392806,57,310000000000000.0,21
488392806,58,160000000000000.0,0
488392806,59,170000000000000.0,2
488392806,60,170000000000000.0,2
488392806,61,170000000000000.0,2
488392806,62,170000000000000.0,2
488392806,64,400750000000000.0,0
488392806,65,394000000000000.0,0
488392806,66,400750000000000.0,0
488392806,67,394000000000000.0,0
488392806,68,400750000000000.0,0
488392806,69,394000000000000.0,0
488392806,70,400750000000000.0,0
488392806,72,400000000000000.0,0
488392806,73,400000000000000.0,0
488392806,75,50000000000000.0,0
571700636,4,800000000000000.0,0
571700636,5,800000000000000.0,0
571700636,6,800000000000000.0,0
571700636,7,100000000000000.0,0
571700636,8,200000000000000.0,0
571700636,9,300000000000000.0,0
571700636,10,400000000000000.0,0
571700636,11,499999969482421.9,1
571700636,12,450000000000000.0,0
571700636,13,469999969482421.9,0
571700636,14,489999969482421.9,0
571700636,15,509999969482421.9,1
571700636,16,509999969482421.9,1
571700636,17,509999969482421.9,1
571700636,19,509999969482421.9,1
571700636,20,509999969482421.9,1
571700636,21,509999969482421.9,1
571700636,23,140000000000000.0,0
571700636,24,120000000000000.0,0
571700636,25,100000000000000.0,0
571700636,26,80000000000000.0,0
571700636,27,60000000000000.0,0
571700636,28,50000000000000.0,0
571700636,29,50000000000000.0,0
571700636,30,50000000000000.0,4
571700636,31,70000000000000.0,9
571700636,32,90000000000000.0,14
571700636,33,110000000000000.0,20
571700636,34,130000000000000.0,27
571700636,35,150000000000000.0,34
571700636,36,170000000000000.0,40
571700636,37,190000000000000.0,46
571700636,38,50000000000000.0,0
571700636,39,50000000000000.0,0
571700636,40,59999996185302.734,1
571700636,41,59999996185302.734,1
571700636,42,59999996185302.734,1
571700636,43,59999996185302.734,1
571700636,44,100000000000000.0,13
571700636,45,100000000000000.0,14
571700636,46,100000000000000.0,13
571700636,47,100000000000000.0,12
571700636,48,139125000000000.0,0
571700636,49,141500000000000.0,0
571700636,50,139125000000000.0,0
571700636,51,141500000000000.0,0
571700636,53,400000000000000.0,0
571700636,54,400000000000000.0,0
571700636,55,400000000000000.0,0
571700636,56,400000000000000.0,0
571700636,58,400000000000000.0,0
571700636,59,400000000000000.0,0
571700636,60,400000000000000.0,0
571700636,61,400000000000000.0,0
571700636,62,400000000000000.0,0
571700636,66,50000000000000.0,0
567736655,7,800000000000000.0,0
567736655,8,800000000000000.0,0
567736655,9,800000000000000.0,0
567736655,10,100000000000000.0,0
567736655,11,200000000000000.0,0
567736655,12,300000000000000.0,0
567736655,13,400000000000000.0,1
567736655,14,350000000000000.0,1
567736655,15,330000000000000.0,1
567736655,16,310000000000000.0,0
567736655,17,320000000000000.0,0
567736655,18,330000000000000.0,0
567736655,19,340000000000000.0,1
567736655,20,340000000000000.0,1
567736655,21,340000000000000.0,1
567736655,22,340000000000000.0,1
567736655,23,340000000000000.0,1
567736655,24,340000000000000.0,1
567736655,25,340000000000000.0,1
567736655,26,340000000000000.0,1
567736655,27,160000000000000.0,0
567736655,28,140000000000000.0,0
567736655,29,120000000000000.0,0
567736655,30,100000000000000.0,0
567736655,31,80000000000000.0,0
567736655,32,60000000000000.0,0
567736655,33,50000000000000.0,0
567736655,34,50000000000000.0,1
567736655,35,50000000000000.0,8
567736655,36,70000000000000.0,15
567736655,37,90000000000000.0,20
567736655,38,110000000000000.0,23
567736655,39,130000000000000.0,27
567736655,40,150000000000000.0,30
567736655,41,170000000000000.0,32
567736655,42,50000000000000.0,0
567736655,43,50000000000000.0,0
567736655,44,50000000000000.0,3
567736655,45,50000000000000.0,3
567736655,46,50000000000000.0,3
567736655,47,50000000000000.0,3
567736655,48,50000000000000.0,3
567736655,49,80000000000000.0,14
567736655,51,80000000000000.0,15
567736655,52,92750000000000.0,0
567736655,53,94250000000000.0,0
567736655,54,92750000000000.0,0
567736655,55,94250000000000.0,0
567736655,56,92750000000000.0,0
567736655,57,94250000000000.0,0
567736655,58,92750000000000.0,0
567736655,60,400000000000000.0,0
567736655,61,400000000000000.0,0
567736655,62,400000000000000.0,0
567736655,63,400000000000000.0,0
567736655,64,400000000000000.0,0
567736655,65,400000000000000.0,0
567736655,66,400000000000000.0,0
567736655,67,400000000000000.0,0
567736655,68,400000000000000.0,0
567736655,69,400000000000000.0,0
567736655,73,50000000000000.0,0
567736655,74,50000000000000.0,0
548425467,6,800000000000000.0,0
548425467,7,800000000000000.0,0
548425467,8,800000000000000.0,0
548425467,9,100000000000000.0,0
548425467,10,200000000000000.0,0
548425467,11,300000000000000.0,0
548425467,12,400000000000000.0,0
548425467,13,499999969482421.9,0
548425467,14,600000000000000.0,0
548425467,15,700000000000000.0,0
548425467,16,800000000000000.0,0
548425467,17,900000000000000.0,0
548425467,18,999999938964843.8,0
548425467,19,1100000000000000.0,0
548425467,20,1200000000000000.0,1
548425467,21,1150000000000000.0,1
548425467,22,1130000000000000.0,1
548425467,23,1110000000000000.0,0
548425467,24,1120000000000000.0,1
548425467,25,1120000000000000.0,1
548425467,26,1120000000000000.0,0
548425467,27,1120000000000000.0,0
548425467,28,1120000000000000.0,0
548425467,29,1130000000000000.0,0
548425467,30,1140000000000000.0,0
548425467,31,1150000000000000.0,0
548425467,32,1170000000000000.0,1
548425467,33,1170000000000000.0,1
548425467,34,1170000000000000.0,0
548425467,35,1170000000000000.0,0
548425467,36,1190000000000000.0,1
548425467,37,1190000000000000.0,0
548425467,38,1190000000000000.0,0
548425467,39,1210000000000000.0,1
548425467,40,1210000000000000.0,1
548425467,41,1210000000000000.0,1
548425467,42,1210000000000000.0,0
548425467,43,1210000000000000.0,1
548425467,44,1210000000000000.0,1
548425467,45,160000000000000.0,0
548425467,46,140000000000000.0,0
548425467,47,120000000000000.0,0
548425467,48,100000000000000.0,0
548425467,49,80000000000000.0,0
548425467,50,60000000000000.0,0
548425467,51,50000000000000.0,0
548425467,52,50000000000000.0,0
548425467,53,50000000000000.0,0
548425467,54,70000000000000.0,0
548425467,55,90000000000000.0,0
548425467,56,110000000000000.0,0
548425467,57,130000000000000.0,0
548425467,58,150000000000000.0,4
548425467,59,170000000000000.0,7
548425467,60,190000000000000.0,10
548425467,61,210000000000000.0,12
548425467,62,230000000000000.0,15
548425467,63,249999984741210.94,18
548425467,64,270000000000000.0,20
548425467,65,290000000000000.0,22
548425467,67,150000000000000.0,2
548425467,68,150000000000000.0,2
548425467,69,150000000000000.0,2
548425467,70,150000000000000.0,1
548425467,71,150000000000000.0,1
548425467,72,150000000000000.0,1
548425467,73,190000000000000.0,7
548425467,74,190000000000000.0,7
548425467,82,353625000000000.0,0
548425467,84,400000000000000.0,0
548425467,85,400000000000000.0,0
548425467,89,180000000000000.0,1
548425467,90,180000000000000.0,1
548425467,91,180000000000000.0,1
548425467,93,220000000000000.0,5
548425467,94,220000000000000.0,5
548425467,95,220000000000000.0,4
548425467,96,220000000000000.0,4
548425467,97,260000000000000.0,10
548425467,98,260000000000000.0,10
548425467,99,260000000000000.0,10
548425467,100,260000000000000.0,9
548425467,101,1210000000000000.0,0
548425467,102,1210000000000000.0,0
548425467,103,1300000000000000.0,0
548425467,104,1400000000000000.0,1
548425467,105,1350000000000000.0,1
548425467,106,1330000000000000.0,1
548425467,107,1320000000000000.0,1
548425467,108,1320000000000000.0,0
548425467,109,1320000000000000.0,0
548425467,110,1320000000000000.0,0
548425467,111,1320000000000000.0,0
548425467,112,1320000000000000.0,0
548425467,113,1320000000000000.0,0
548425467,114,1320000000000000.0,0
548425467,115,1320000000000000.0,0
548425467,116,1320000000000000.0,0
548425467,117,1320000000000000.0,0
548425467,118,1320000000000000.0,0
548425467,119,1320000000000000.0,0
548425467,120,1320000000000000.0,0
548425467,121,1320000000000000.0,0
548425467,122,1320000000000000.0,0
548425467,123,1320000000000000.0,0
548425467,124,1320000000000000.0,0
548425467,125,1320000000000000.0,0
548425467,126,1320000000000000.0,0
548425467,127,1320000000000000.0,0
548425467,128,1320000000000000.0,0
548425467,131,50000000000000.0,0
537313158,4,850000000000000.0,0
537313158,5,850000000000000.0,0
537313158,6,850000000000000.0,0
537313158,7,150000000000000.0,0
537313158,8,250000000000000.0,0
537313158,9,350000000000000.0,0
537313158,10,450000000000000.0,0
537313158,11,550000000000000.0,1
537313158,12,500000000000000.0,0
537313158,13,520000000000000.0,0
537313158,14,530000000000000.0,1
537313158,15,530000000000000.0,1
537313158,16,530000000000000.0,1
537313158,17,530000000000000.0,1
537313158,18,530000000000000.0,1
537313158,19,110000000000000.0,0
537313158,20,90000000000000.0,0
537313158,21,70000000000000.0,0
537313158,22,50000000000000.0,0
537313158,23,50000000000000.0,0
537313158,24,50000000000000.0,0
537313158,25,60000000000000.0,0
537313158,26,80000000000000.0,0
537313158,27,100000000000000.0,2
537313158,28,120000000000000.0,5
537313158,29,140000000000000.0,9
537313158,30,160000000000000.0,11
537313158,31,180000000000000.0,14
537313158,32,200000000000000.0,18
537313158,33,220000000000000.0,20
537313158,34,240000000000000.0,21
537313158,37,110000000000000.0,3
537313158,38,110000000000000.0,3
537313158,39,110000000000000.0,3
537313158,42,100000000000000.0,2
537313158,67,50000000000000.0,0
508405972,4,800000000000000.0,0
508405972,5,800000000000000.0,0
508405972,6,800000000000000.0,0
508405972,7,100000000000000.0,0
508405972,8,200000000000000.0,0
508405972,9,300000000000000.0,0
508405972,10,400000000000000.0,0
508405972,11,499999969482421.9,0
508405972,12,600000000000000.0,0
508405972,13,700000000000000.0,0
508405972,14,800000000000000.0,0
508405972,15,900000000000000.0,0
508405972,16,999999938964843.8,0
508405972,17,1100000000000000.0,0
508405972,18,1200000000000000.0,0
508405972,19,1300000000000000.0,0
508405972,20,1400000000000000.0,0
508405972,21,1500000000000000.0,0
508405972,22,1600000000000000.0,0
508405972,23,1700000000000000.0,0
508405972,24,1800000000000000.0,0
508405972,25,1899999877929687.5,0
508405972,26,1999999877929687.5,0
508405972,27,2100000000000000.0,0
508405972,28,2200000000000000.0,0
508405972,29,2300000000000000.0,0
508405972,30,2400000000000000.0,0
508405972,31,2500000000000000.0,2
508405972,32,2450000000000000.0,2
508405972,33,2430000000000000.0,2
508405972,34,2410000000000000.0,2
508405972,35,2400000000000000.0,2
508405972,36,2390000000000000.0,0
508405972,37,2400000000000000.0,0
508405972,38,2410000000000000.0,0
508405972,39,2420000000000000.0,0
508405972,40,2430000000000000.0,0
508405972,41,2440000000000000.0,0
508405972,42,2450000000000000.0,0
508405972,43,2470000000000000.0,0
508405972,44,2490000000000000.0,0
508405972,45,2510000000000000.0,0
508405972,46,2530000000000000.0,0
508405972,47,2550000000000000.0,0
508405972,48,2600000000000000.0,0
508405972,49,2650000000000000.0,2
508405972,50,2650000000000000.0,2
508405972,51,2650000000000000.0,2
508405972,52,2650000000000000.0,0
508405972,53,2650000000000000.0,0
508405972,54,160000000000000.0,0
508405972,55,140000000000000.0,0
508405972,56,120000000000000.0,0
508405972,57,100000000000000.0,0
508405972,58,80000000000000.0,0
508405972,60,50000000000000.0,0
508405972,61,50000000000000.0,0
508405972,62,50000000000000.0,0
508405972,63,70000000000000.0,0
508405972,64,90000000000000.0,0
508405972,65,110000000000000.0,0
508405972,66,130000000000000.0,0
508405972,67,150000000000000.0,0
508405972,68,170000000000000.0,0
508405972,69,190000000000000.0,0
508405972,70,210000000000000.0,0
508405972,71,230000000000000.0,0
508405972,72,249999984741210.94,0
508405972,73,270000000000000.0,0
508405972,74,290000000000000.0,1
508405972,75,310000000000000.0,2
508405972,76,330000000000000.0,2
508405972,77,350000000000000.0,2
508405972,78,370000000000000.0,2
508405972,79,390000000000000.0,2
508405972,80,410000000000000.0,3
508405972,81,430000000000000.0,5
508405972,82,280000000000000.0,1
508405972,83,270000000000000.0,0
508405972,84,280000000000000.0,0
508405972,85,290000000000000.0,1
508405972,86,290000000000000.0,1
508405972,87,290000000000000.0,1
508405972,88,672125000000000.0,0
508405972,89,683750000000000.0,0
508405972,99,50000000000000.0,0
569107566,4,800000000000000.0,0
569107566,5,800000000000000.0,1
569107566,6,800000000000000.0,1
569107566,7,100000000000000.0,0
569107566,8,200000000000000.0,0
569107566,9,300000000000000.0,1
569107566,10,350000000000000.0,1
569107566,11,330000000000000.0,1
569107566,13,320000000000000.0,1
569107566,14,310000000000000.0,1
569107566,15,310000000000000.0,1
569107566,16,310000000000000.0,1
569107566,17,310000000000000.0,1
569107566,18,310000000000000.0,1
569107566,20,140000000000000.0,0
569107566,21,120000000000000.0,0
569107566,22,100000000000000.0,0
569107566,23,80000000000000.0,0
569107566,24,60000000000000.0,0
569107566,25,50000000000000.0,0
569107566,27,50000000000000.0,15
569107566,28,70000000000000.0,23
569107566,29,90000000000000.0,28
569107566,30,110000000000000.0,33
569107566,31,130000000000000.0,39
569107566,32,150000000000000.0,44
569107566,33,170000000000000.0,49
569107566,34,50000000000000.0,7
569107566,35,50000000000000.0,7
569107566,36,50000000000000.0,7
569107566,37,50000000000000.0,7
569107566,38,70000000000000.0,21
569107566,39,70000000000000.0,22
569107566,40,70000000000000.0,21
569107566,41,70000000000000.0,22
569107566,43,70750000000000.0,0
569107566,45,70750000000000.0,0
569107566,48,400000000000000.0,0
569107566,51,400000000000000.0,0
569107566,59,50000000000000.0,0
528614014,4,800000000000000.0,0
528614014,5,800000000000000.0,0
528614014,6,800000000000000.0,0
528614014,7,100000000000000.0,0
528614014,8,200000000000000.0,0
528614014,9,300000000000000.0,0
528614014,10,400000000000000.0,0
528614014,11,499999969482421.9,0
528614014,12,600000000000000.0,1
528614014,13,550000000000000.0,1
528614014,14,530000000000000.0,1
528614014,15,509999969482421.9,0
528614014,16,520000000000000.0,0
528614014,17,530000000000000.0,0
528614014,18,540000000000000.0,0
528614014,19,550000000000000.0,0
528614014,20,560000000000000.0,0
528614014,21,570000000000000.0,0
528614014,22,580000000000000.0,0
528614014,23,590000000000000.0,0
528614014,24,600000000000000.0,1
528614014,25,600000000000000.0,1
528614014,26,600000000000000.0,1
528614014,27,600000000000000.0,0
528614014,28,600000000000000.0,1
528614014,29,160000000000000.0,0
528614014,30,140000000000000.0,0
528614014,31,120000000000000.0,0
528614014,32,100000000000000.0,0
528614014,33,80000000000000.0,0
528614014,34,60000000000000.0,0
528614014,35,50000000000000.0,0
528614014,36,50000000000000.0,0
528614014,37,50000000000000.0,0
528614014,38,70000000000000.0,3
528614014,39,90000000000000.0,4
528614014,40,110000000000000.0,6
528614014,41,130000000000000.0,7
528614014,42,150000000000000.0,8
528614014,43,170000000000000.0,10
528614014,44,190000000000000.0,11
528614014,45,210000000000000.0,11
528614014,51,90000000000000.0,2
528614014,52,90000000000000.0,2
528614014,54,208750000000000.0,0
528614014,55,212500000000000.0,0
528614014,56,208750000000000.0,0
528614014,57,212500000000000.0,0
528614014,58,208750000000000.0,0
528614014,63,400000000000000.0,0
528614014,64,400000000000000.0,0
528614014,65,90000000000000.0,1
528614014,67,90000000000000.0,2
528614014,68,90000000000000.0,3
528614014,69,130000000000000.0,5
528614014,73,170000000000000.0,9
528614014,76,170000000000000.0,9
528614014,77,386250000000000.0,0
528614014,78,386250000000000.0,0
528614014,79,386250000000000.0,0
528614014,86,800000000000000.0,0
528614014,87,800000000000000.0,0
528614014,88,810000000000000.0,0
528614014,89,820000000000000.0,0
528614014,90,820000000000000.0,0
528614014,91,820000000000000.0,0
528614014,93,820000000000000.0,0
528614014,94,820000000000000.0,0
528614014,95,820000000000000.0,0
528614014,96,820000000000000.0,0
528614014,97,820000000000000.0,0
528614014,98,820000000000000.0,0
528614014,99,820000000000000.0,0
528614014,100,820000000000000.0,0
528614014,101,820000000000000.0,0
528614014,102,820000000000000.0,0
528614014,103,820000000000000.0,0
528614014,104,820000000000000.0,0
528614014,105,820000000000000.0,0
528614014,106,820000000000000.0,0
528614014,107,820000000000000.0,0
528614014,108,820000000000000.0,0
528614014,109,820000000000000.0,0
528614014,112,50000000000000.0,0
539537652,4,800000000000000.0,0
539537652,5,800000000000000.0,0
539537652,6,800000000000000.0,0
539537652,7,100000000000000.0,0
539537652,8,200000000000000.0,0
539537652,9,300000000000000.0,0
539537652,10,400000000000000.0,0
539537652,11,499999969482421.9,1
539537652,12,450000000000000.0,0
539537652,13,469999969482421.9,0
539537652,14,479999969482421.9,1
539537652,15,479999969482421.9,1
539537652,16,479999969482421.9,1
539537652,17,479999969482421.9,1
539537652,18,479999969482421.9,1
539537652,19,160000000000000.0,0
539537652,20,140000000000000.0,0
539537652,21,120000000000000.0,0
539537652,22,100000000000000.0,0
539537652,23,80000000000000.0,0
539537652,24,60000000000000.0,0
539537652,25,50000000000000.0,0
539537652,26,50000000000000.0,0
539537652,27,50000000000000.0,0
539537652,28,70000000000000.0,0
539537652,29,90000000000000.0,1
539537652,30,110000000000000.0,3
539537652,31,130000000000000.0,10
539537652,32,150000000000000.0,17
539537652,33,170000000000000.0,25
539537652,34,190000000000000.0,31
539537652,35,210000000000000.0,36
539537652,36,230000000000000.0,40
539537652,37,80000000000000.0,0
539537652,38,90000000000000.0,0
539537652,39,100000000000000.0,0
539537652,40,110000000000000.0,1
539537652,41,110000000000000.0,1
539537652,42,110000000000000.0,1
539537652,43,110000000000000.0,1
539537652,44,254999984741210.94,0
539537652,45,259375000000000.0,0
539537652,46,254999984741210.94,0
539537652,47,259375000000000.0,0
539537652,48,254999984741210.94,0
539537652,49,259375000000000.0,0
539537652,51,259375000000000.0,0
539537652,53,400000000000000.0,0
539537652,54,400000000000000.0,0
539537652,57,50000000000000.0,0
539539309,4,800000000000000.0,0
539539309,5,800000000000000.0,0
539539309,6,800000000000000.0,0
539539309,7,100000000000000.0,0
539539309,8,200000000000000.0,0
539539309,9,300000000000000.0,0
539539309,10,400000000000000.0,0
539539309,11,499999969482421.9,0
539539309,12,600000000000000.0,0
539539309,13,700000000000000.0,0
539539309,14,800000000000000.0,0
539539309,15,900000000000000.0,0
539539309,16,999999938964843.8,0
539539309,17,1100000000000000.0,0
539539309,18,1200000000000000.0,1
539539309,19,1150000000000000.0,1
539539309,20,1130000000000000.0,1
539539309,21,1110000000000000.0,0
539539309,22,1120000000000000.0,0
539539309,23,1130000000000000.0,0
539539309,24,1140000000000000.0,1
539539309,25,1140000000000000.0,0
539539309,26,1140000000000000.0,0
539539309,27,1150000000000000.0,0
539539309,28,1160000000000000.0,1
539539309,29,1160000000000000.0,1
539539309,30,1160000000000000.0,1
539539309,31,1160000000000000.0,1
539539309,32,1160000000000000.0,1
539539309,33,160000000000000.0,0
539539309,34,140000000000000.0,0
539539309,35,120000000000000.0,0
539539309,36,100000000000000.0,0
539539309,37,80000000000000.0,0
539539309,39,50000000000000.0,0
539539309,40,50000000000000.0,0
539539309,41,50000000000000.0,0
539539309,42,70000000000000.0,0
539539309,43,90000000000000.0,0
539539309,44,110000000000000.0,0
539539309,45,130000000000000.0,0
539539309,46,150000000000000.0,0
539539309,47,170000000000000.0,0
539539309,48,190000000000000.0,0
539539309,49,210000000000000.0,0
539539309,50,230000000000000.0,0
539539309,51,249999984741210.94,2
539539309,52,270000000000000.0,4
539539309,53,290000000000000.0,5
539539309,54,310000000000000.0,7
539539309,55,330000000000000.0,9
539539309,56,350000000000000.0,11
539539309,57,370000000000000.0,13
539539309,58,390000000000000.0,14
539539309,59,239999984741210.94,0
539539309,60,249999984741210.94,0
539539309,61,270000000000000.0,2
539539309,62,260000000000000.0,2
539539309,63,260000000000000.0,2
539539309,64,260000000000000.0,0
539539309,65,602625000000000.0,0
539539309,66,613000000000000.0,0
539539309,67,602625000000000.0,0
539539309,68,613000000000000.0,0
539539309,69,602625000000000.0,0
539539309,70,613000000000000.0,0
539539309,71,602625000000000.0,0
539539309,74,400000000000000.0,0
539539309,75,400000000000000.0,0
539539309,78,50000000000000.0,0
548457754,7,800000000000000.0,0
548457754,8,800000000000000.0,0
548457754,9,800000000000000.0,0
548457754,10,100000000000000.0,0
548457754,11,200000000000000.0,0
548457754,12,300000000000000.0,0
548457754,13,400000000000000.0,0
548457754,14,499999969482421.9,0
548457754,15,600000000000000.0,0
548457754,16,700000000000000.0,0
548457754,17,800000000000000.0,0
548457754,18,900000000000000.0,0
548457754,19,999999938964843.8,0
548457754,20,1100000000000000.0,0
548457754,21,1200000000000000.0,0
548457754,22,1300000000000000.0,0
548457754,23,1400000000000000.0,0
548457754,24,1500000000000000.0,0
548457754,25,1600000000000000.0,0
548457754,26,1700000000000000.0,0
548457754,27,1800000000000000.0,0
548457754,28,1899999877929687.5,1
548457754,29,1850000000000000.0,0
548457754,30,1879999877929687.5,0
548457754,31,1899999877929687.5,0
548457754,32,1949999877929687.5,1
548457754,33,1929999877929687.5,0
548457754,34,1949999877929687.5,0
548457754,35,1979999877929687.5,1
548457754,36,1979999877929687.5,1
548457754,37,1979999877929687.5,1
548457754,38,1979999877929687.5,0
548457754,39,1979999877929687.5,1
548457754,40,1979999877929687.5,0
548457754,41,160000000000000.0,0
548457754,42,140000000000000.0,0
548457754,43,120000000000000.0,0
548457754,44,100000000000000.0,0
548457754,45,80000000000000.0,0
548457754,46,60000000000000.0,0
548457754,47,50000000000000.0,0
548457754,48,50000000000000.0,0
548457754,49,50000000000000.0,0
548457754,50,70000000000000.0,0
548457754,51,90000000000000.0,0
548457754,52,110000000000000.0,0
548457754,53,130000000000000.0,0
548457754,54,150000000000000.0,0
548457754,55,170000000000000.0,0
548457754,56,190000000000000.0,0
548457754,57,210000000000000.0,0
548457754,58,230000000000000.0,0
548457754,59,249999984741210.94,0
548457754,60,270000000000000.0,0
548457754,61,290000000000000.0,0
548457754,62,310000000000000.0,1
548457754,63,330000000000000.0,2
548457754,64,350000000000000.0,2
548457754,65,370000000000000.0,2
548457754,66,390000000000000.0,2
548457754,67,410000000000000.0,2
548457754,68,430000000000000.0,3
548457754,69,450000000000000.0,5
548457754,70,300000000000000.0,0
548457754,71,310000000000000.0,1
548457754,72,310000000000000.0,1
548457754,73,310000000000000.0,1
548457754,74,310000000000000.0,1
548457754,75,310000000000000.0,1
548457754,76,350000000000000.0,2
548457754,77,350000000000000.0,2
548457754,78,718500000000000.0,0
548457754,79,730874938964843.8,0
548457754,80,718500000000000.0,0
548457754,81,730874938964843.8,0
548457754,82,718500000000000.0,0
548457754,83,730874938964843.8,0
548457754,84,718500000000000.0,0
548457754,85,730874938964843.8,0
548457754,87,400000000000000.0,0
548457754,88,400000000000000.0,0
548457754,91,50000000000000.0,0
488402499,4,800000000000000.0,0
488402499,5,800000000000000.0,0
488402499,6,800000000000000.0,0
488402499,7,100000000000000.0,0
488402499,8,200000000000000.0,0
488402499,9,300000000000000.0,0
488402499,10,400000000000000.0,0
488402499,11,499999969482421.9,0
488402499,12,600000000000000.0,0
488402499,13,700000000000000.0,0
488402499,14,800000000000000.0,0
488402499,15,900000000000000.0,0
488402499,16,999999938964843.8,1
488402499,17,930000000000000.0,0
488402499,18,960000061035156.2,0
488402499,19,979999938964843.8,0
488402499,20,999999938964843.8,0
488402499,21,1019999938964843.8,0
488402499,22,1040000000000000.0,0
488402499,23,1080000000000000.0,1
488402499,24,1080000000000000.0,1
488402499,25,1080000000000000.0,1
488402499,26,1080000000000000.0,1
488402499,27,1080000000000000.0,1
488402499,28,1080000000000000.0,1
488402499,29,160000000000000.0,0
488402499,30,140000000000000.0,0
488402499,31,120000000000000.0,0
488402499,32,100000000000000.0,0
488402499,33,80000000000000.0,0
488402499,34,60000000000000.0,0
488402499,35,50000000000000.0,0
488402499,36,50000000000000.0,0
488402499,37,50000000000000.0,0
488402499,38,70000000000000.0,0
488402499,39,90000000000000.0,0
488402499,40,110000000000000.0,0
488402499,41,130000000000000.0,1
488402499,42,150000000000000.0,5
488402499,43,170000000000000.0,7
488402499,44,190000000000000.0,9
488402499,45,209999984741210.94,11
488402499,46,230000000000000.0,13
488402499,47,249999984741210.94,14
488402499,48,140000000000000.0,0
488402499,49,180000000000000.0,5
488402499,50,180000000000000.0,6
488402499,51,180000000000000.0,6
488402499,52,180000000000000.0,6
488402499,53,417249969482421.9,0
488402499,80,50000000000000.0,0
541551399,7,800000000000000.0,0
541551399,8,100000000000000.0,0
541551399,9,200000000000000.0,0
541551399,10,300000000000000.0,0
541551399,11,400000000000000.0,0
541551399,12,499999969482421.9,0
541551399,13,600000000000000.0,0
541551399,14,700000000000000.0,0
541551399,15,800000000000000.0,0
541551399,16,900000000000000.0,0
541551399,17,999999938964843.8,1
541551399,18,850000000000000.0,0
541551399,20,880000000000000.0,0
541551399,22,900000000000000.0,0
541551399,24,920000000000000.0,0
541551399,25,930000000000000.0,0
541551399,26,949999938964843.8,0
541551399,27,969999938964843.8,0
541551399,30,999999938964843.8,0
541551399,31,1030000000000000.0,1
541551399,32,1019999938964843.8,1
541551399,33,1009999938964843.8,0
541551399,34,1019999938964843.8,1
541551399,35,1019999938964843.8,1
541551399,36,1019999938964843.8,1
541551399,38,1019999938964843.8,1
541551399,40,140000000000000.0,0
541551399,41,120000000000000.0,0
541551399,42,100000000000000.0,0
541551399,43,80000000000000.0,0
541551399,44,60000000000000.0,0
541551399,45,50000000000000.0,0
541551399,46,50000000000000.0,0
541551399,47,50000000000000.0,0
541551399,48,70000000000000.0,0
541551399,49,90000000000000.0,0
541551399,50,110000000000000.0,0
541551399,51,130000000000000.0,0
541551399,53,170000000000000.0,5
541551399,54,190000000000000.0,9
541551399,55,210000000000000.0,12
541551399,57,249999984741210.94,15
541551399,58,270000000000000.0,18
541551399,59,290000000000000.0,19
541551399,60,140000000000000.0,0
541551399,61,150000000000000.0,2
541551399,62,150000000000000.0,0
541551399,63,150000000000000.0,1
541551399,64,150000000000000.0,0
541551399,65,150000000000000.0,1
541551399,66,150000000000000.0,0
541551399,67,160000000000000.0,1
541551399,68,160000000000000.0,2
541551399,69,160000000000000.0,2
541551399,70,160000000000000.0,2
541551399,71,370875000000000.0,0
541551399,72,377250000000000.0,0
541551399,75,370875000000000.0,0
541551399,76,377250000000000.0,0
541551399,77,370875000000000.0,0
541551399,78,377250000000000.0,0
541551399,81,400000000000000.0,0
541551399,84,50000000000000.0,0
576101141,5,800000000000000.0,1
576101141,6,800000000000000.0,1
576101141,7,800000000000000.0,1
576101141,8,100000000000000.0,0
576101141,9,200000000000000.0,0
576101141,10,300000000000000.0,0
576101141,11,400000000000000.0,1
576101141,12,350000000000000.0,2
576101141,13,330000000000000.0,1
576101141,14,330000000000000.0,0
576101141,15,330000000000000.0,0
576101141,16,330000000000000.0,0
576101141,17,340000000000000.0,0
576101141,18,340000000000000.0,0
576101141,19,350000000000000.0,0
576101141,20,350000000000000.0,0
576101141,22,350000000000000.0,0
576101141,23,370000000000000.0,0
576101141,24,370000000000000.0,2
576101141,26,370000000000000.0,1
576101141,27,370000000000000.0,2
576101141,28,160000000000000.0,0
576101141,29,140000000000000.0,0
576101141,30,120000000000000.0,0
576101141,31,100000000000000.0,0
576101141,32,80000000000000.0,0
576101141,33,60000000000000.0,0
576101141,34,50000000000000.0,0
576101141,35,50000000000000.0,14
576101141,36,50000000000000.0,22
576101141,37,70000000000000.0,30
576101141,38,90000000000000.0,34
576101141,39,110000000000000.0,40
576101141,40,130000000000000.0,43
576101141,41,150000000000000.0,47
576101141,42,170000000000000.0,50
576101141,43,50000000000000.0,5
576101141,44,50000000000000.0,6
576101141,45,50000000000000.0,5
576101141,46,50000000000000.0,7
576101141,47,50000000000000.0,5
576101141,50,59999996185302.734,26
576101141,51,59999996185302.734,25
576101141,52,50000000000000.0,0
576101141,53,50000000000000.0,0
576101141,55,50000000000000.0,0
576101141,58,400000000000000.0,0
576101141,59,400000000000000.0,0
576101141,61,400000000000000.0,0
576101141,63,400000000000000.0,0
576101141,64,400000000000000.0,0
576101141,65,400000000000000.0,0
576101141,66,400000000000000.0,0
576101141,67,400000000000000.0,0
576101141,68,370000000000000.0,0
576101141,69,370000000000000.0,0
576101141,70,370000000000000.0,0
576101141,71,370000000000000.0,0
576101141,72,370000000000000.0,0
576101141,73,370000000000000.0,0
576101141,75,370000000000000.0,0
576101141,76,370000000000000.0,0
576101141,77,370000000000000.0,0
576101141,78,370000000000000.0,0
576101141,79,370000000000000.0,0
576101141,80,370000000000000.0,0
576101141,81,370000000000000.0,0
576101141,82,370000000000000.0,0
576101141,83,370000000000000.0,0
576101141,84,370000000000000.0,0
576101141,85,370000000000000.0,0
576101141,86,370000000000000.0,0
576101141,87,370000000000000.0,0
576101141,88,370000000000000.0,0
576101141,91,50000000000000.0,0
569860147,7,850000000000000.0,6
569860147,8,850000000000000.0,6
569860147,9,150000000000000.0,0
569860147,10,250000000000000.0,1
569860147,11,200000000000000.0,1
569860147,12,180000000000000.0,0
569860147,13,190000000000000.0,0
569860147,14,200000000000000.0,1
569860147,15,200000000000000.0,1
569860147,16,200000000000000.0,0
569860147,17,200000000000000.0,1
569860147,18,200000000000000.0,1
569860147,19,110000000000000.0,0
569860147,20,90000000000000.0,0
569860147,21,70000000000000.0,0
569860147,22,50000000000000.0,0
569860147,23,50000000000000.0,0
569860147,24,50000000000000.0,0
569860147,25,60000000000000.0,6
569860147,26,80000000000000.0,16
569860147,27,100000000000000.0,26
569860147,29,140000000000000.0,40
569860147,31,180000000000000.0,50
569860147,32,200000000000000.0,53
569860147,33,60000000000000.0,4
569860147,34,60000000000000.0,5
569860147,35,60000000000000.0,5
569860147,36,60000000000000.0,5
569860147,38,100000000000000.0,24
569860147,39,100000000000000.0,24
569860147,40,100000000000000.0,24
569860147,41,73125000000000.0,0
569860147,43,73125000000000.0,0
569860147,50,400000000000000.0,0
569860147,52,400000000000000.0,0
569860147,53,400000000000000.0,0
569860147,59,50000000000000.0,0
569860147,60,50000000000000.0,0
528015670,4,850000000000000.0,1
528015670,5,850000000000000.0,1
528015670,6,850000000000000.0,1
528015670,7,150000000000000.0,0
528015670,8,250000000000000.0,0
528015670,9,350000000000000.0,0
528015670,10,450000000000000.0,1
528015670,11,400000000000000.0,1
528015670,12,380000000000000.0,1
528015670,13,370000000000000.0,0
528015670,14,380000000000000.0,1
528015670,19,110000000000000.0,0
528015670,20,90000000000000.0,0
528015670,21,70000000000000.0,0
528015670,22,50000000000000.0,0
528015670,23,50000000000000.0,0
528015670,24,50000000000000.0,0
528015670,25,60000000000000.0,0
528015670,26,80000000000000.0,1
528015670,27,100000000000000.0,10
528015670,28,120000000000000.0,17
528015670,29,140000000000000.0,23
528015670,30,160000000000000.0,29
528015670,31,180000000000000.0,33
528015670,33,220000000000000.0,44
528015670,34,80000000000000.0,2
528015670,35,80000000000000.0,1
528015670,36,80000000000000.0,2
528015670,37,80000000000000.0,1
528015670,38,119500000000000.0,0
528015670,39,120750000000000.0,0
528015670,40,119500000000000.0,0
528015670,42,119500000000000.0,0
528015670,44,119500000000000.0,0
528015670,50,80000000000000.0,1
528015670,51,80000000000000.0,2
528015670,52,80000000000000.0,5
528015670,53,120000000000000.0,16
528015670,54,120000000000000.0,17
528015670,55,120000000000000.0,17
528015670,56,120000000000000.0,17
528015670,57,160000000000000.0,27
528015670,58,160000000000000.0,27
528015670,62,380000000000000.0,0
528015670,63,380000000000000.0,0
528015670,64,380000000000000.0,0
528015670,65,380000000000000.0,0
528015670,66,380000000000000.0,0
528015670,67,380000000000000.0,0
528015670,68,380000000000000.0,0
528015670,69,380000000000000.0,0
528015670,70,380000000000000.0,0
528015670,71,380000000000000.0,0
528015670,73,380000000000000.0,0
528015670,74,380000000000000.0,0
528015670,75,380000000000000.0,0
528015670,77,380000000000000.0,0
528015670,78,380000000000000.0,0
528015670,79,380000000000000.0,0
528015670,80,380000000000000.0,0
528015670,83,151625000000000.0,0
528015670,87,50000000000000.0,0
531523484,4,800000000000000.0,0
531523484,5,800000000000000.0,0
531523484,6,800000000000000.0,0
531523484,7,100000000000000.0,0
531523484,8,200000000000000.0,0
531523484,9,300000000000000.0,0
531523484,10,400000000000000.0,0
531523484,11,499999969482421.9,0
531523484,12,600000000000000.0,0
531523484,13,700000000000000.0,0
531523484,14,800000000000000.0,0
531523484,15,900000000000000.0,0
531523484,16,999999938964843.8,0
531523484,17,1100000000000000.0,0
531523484,18,1200000000000000.0,0
531523484,19,1300000000000000.0,0
531523484,20,1400000000000000.0,0
531523484,21,1500000000000000.0,0
531523484,22,1600000000000000.0,0
531523484,23,1700000000000000.0,0
531523484,24,1800000000000000.0,0
531523484,25,1899999877929687.5,0
531523484,26,1999999877929687.5,1
531523484,27,1949999877929687.5,0
531523484,28,1969999877929687.5,0
531523484,29,1979999877929687.5,0
531523484,30,1989999877929687.5,0
531523484,31,1999999877929687.5,0
531523484,32,2019999877929687.5,0
531523484,33,2039999877929687.5,0
531523484,34,2070000000000000.0,1
531523484,35,2070000000000000.0,1
531523484,36,2070000000000000.0,1
531523484,37,2070000000000000.0,1
531523484,38,2070000000000000.0,1
531523484,39,160000000000000.0,0
531523484,40,140000000000000.0,0
531523484,41,120000000000000.0,0
531523484,42,100000000000000.0,0
531523484,43,80000000000000.0,0
531523484,44,60000000000000.0,0
531523484,45,50000000000000.0,0
531523484,46,50000000000000.0,0
531523484,47,50000000000000.0,0
531523484,48,70000000000000.0,0
531523484,49,90000000000000.0,0
531523484,50,110000000000000.0,0
531523484,51,130000000000000.0,0
531523484,52,150000000000000.0,0
531523484,53,170000000000000.0,0
531523484,54,190000000000000.0,0
531523484,55,210000000000000.0,0
531523484,56,230000000000000.0,0
531523484,57,249999984741210.94,0
531523484,58,270000000000000.0,0
531523484,59,290000000000000.0,0
531523484,60,310000000000000.0,1
531523484,61,330000000000000.0,1
531523484,62,350000000000000.0,2
531523484,63,370000000000000.0,4
531523484,64,390000000000000.0,6
531523484,65,410000000000000.0,8
531523484,66,430000000000000.0,9
531523484,67,450000000000000.0,11
531523484,68,310000000000000.0,1
531523484,69,310000000000000.0,1
531523484,70,310000000000000.0,1
531523484,71,310000000000000.0,1
531523484,72,718500000000000.0,0
531523484,73,730874938964843.8,0
531523484,76,718500000000000.0,0
531523484,78,718500000000000.0,0
531523484,79,730874938964843.8,0
531523484,81,400000000000000.0,0
531523484,82,400000000000000.0,0
531523484,83,310000000000000.0,0
531523484,84,330000000000000.0,0
531523484,85,350000000000000.0,1
531523484,86,350000000000000.0,1
531523484,87,350000000000000.0,1
531523484,88,350000000000000.0,1
531523484,89,390000000000000.0,2
531523484,90,390000000000000.0,2
531523484,91,390000000000000.0,1
531523484,92,390000000000000.0,2
531523484,93,430000000000000.0,3
531523484,94,430000000000000.0,2
531523484,95,430000000000000.0,2
531523484,96,430000000000000.0,2
531523484,97,1503125000000000.0,0
531523484,98,1503125000000000.0,0
531523484,99,1503125000000000.0,0
531523484,103,50000000000000.0,0
528623840,5,800000000000000.0,0
528623840,6,800000000000000.0,0
528623840,7,800000000000000.0,0
528623840,8,800000000000000.0,0
528623840,34,1600000000000000.0,1
528623840,35,1600000000000000.0,1
528623840,36,1600000000000000.0,1
528623840,37,1600000000000000.0,0
528623840,38,1600000000000000.0,0
528623840,39,160000000000000.0,0
528623840,40,140000000000000.0,0
528623840,41,120000000000000.0,0
528623840,42,100000000000000.0,0
528623840,43,80000000000000.0,0
528623840,45,50000000000000.0,0
528623840,46,50000000000000.0,0
528623840,47,50000000000000.0,0
528623840,48,70000000000000.0,0
528623840,49,90000000000000.0,0
528623840,50,110000000000000.0,0
528623840,51,130000000000000.0,0
528623840,52,150000000000000.0,0
528623840,53,170000000000000.0,1
528623840,54,190000000000000.0,1
528623840,55,210000000000000.0,4
528623840,56,230000000000000.0,6
528623840,59,290000000000000.0,11
528623840,63,210000000000000.0,2
528623840,64,210000000000000.0,1
528623840,65,210000000000000.0,2
528623840,66,210000000000000.0,2
528623840,69,486749969482421.9,0
528623840,74,495125000000000.0,0
528623840,76,400000000000000.0,0
528623840,78,230000000000000.0,3
528623840,79,230000000000000.0,4
528623840,80,230000000000000.0,4
528623840,81,230000000000000.0,3
528623840,82,270000000000000.0,7
528623840,83,270000000000000.0,7
528623840,95,50000000000000.0,0
541562659,5,800000000000000.0,0
541562659,6,800000000000000.0,0
541562659,7,800000000000000.0,0
541562659,8,100000000000000.0,0
541562659,9,200000000000000.0,0
541562659,10,300000000000000.0,0
541562659,11,400000000000000.0,0
541562659,12,499999969482421.9,0
541562659,13,600000000000000.0,0
541562659,14,700000000000000.0,0
541562659,15,800000000000000.0,0
541562659,16,900000000000000.0,0
541562659,17,999999938964843.8,0
541562659,18,1100000000000000.0,0
541562659,19,1200000000000000.0,0
541562659,20,1300000000000000.0,0
541562659,21,1400000000000000.0,0
541562659,22,1500000000000000.0,0
541562659,23,1600000000000000.0,0
541562659,24,1700000000000000.0,0
541562659,25,1800000000000000.0,0
541562659,26,1899999877929687.5,0
541562659,27,1999999877929687.5,0
541562659,28,2100000000000000.0,0
541562659,29,2200000000000000.0,0
541562659,30,2300000000000000.0,1
541562659,31,2250000000000000.0,1
541562659,32,2230000000000000.0,0
541562659,33,2240000000000000.0,0
541562659,34,2250000000000000.0,0
541562659,35,2270000000000000.0,1
541562659,36,2270000000000000.0,1
541562659,37,2270000000000000.0,0
541562659,38,2270000000000000.0,0
541562659,39,2270000000000000.0,0
541562659,40,2270000000000000.0,0
541562659,41,2300000000000000.0,0
541562659,42,2350000000000000.0,1
541562659,43,2330000000000000.0,0
541562659,44,2350000000000000.0,0
541562659,45,2370000000000000.0,0
541562659,46,2390000000000000.0,1
541562659,47,2390000000000000.0,1
541562659,48,2390000000000000.0,1
541562659,49,2390000000000000.0,1
541562659,50,2390000000000000.0,1
541562659,51,160000000000000.0,0
541562659,52,140000000000000.0,0
541562659,53,120000000000000.0,0
541562659,54,100000000000000.0,0
541562659,55,80000000000000.0,0
541562659,56,60000000000000.0,0
541562659,57,50000000000000.0,0
541562659,58,50000000000000.0,0
541562659,59,50000000000000.0,0
541562659,60,70000000000000.0,0
541562659,61,90000000000000.0,0
541562659,62,110000000000000.0,0
541562659,63,130000000000000.0,0
541562659,64,150000000000000.0,0
541562659,65,170000000000000.0,0
541562659,66,190000000000000.0,0
541562659,67,210000000000000.0,0
541562659,68,230000000000000.0,0
541562659,69,249999984741210.94,0
541562659,70,270000000000000.0,0
541562659,71,290000000000000.0,1
541562659,72,310000000000000.0,1
541562659,73,330000000000000.0,2
541562659,74,350000000000000.0,2
541562659,75,370000000000000.0,2
541562659,76,390000000000000.0,2
541562659,77,410000000000000.0,2
541562659,78,430000000000000.0,2
541562659,79,280000000000000.0,1
541562659,80,280000000000000.0,0
541562659,81,280000000000000.0,0
541562659,82,290000000000000.0,1
541562659,83,290000000000000.0,1
541562659,84,290000000000000.0,1
541562659,85,290000000000000.0,1
541562659,86,290000000000000.0,1
541562659,87,290000000000000.0,1
541562659,89,683750000000000.0,0
541562659,91,683750000000000.0,0
541562659,92,672125000000000.0,0
541562659,93,683750000000000.0,0
541562659,95,683750000000000.0,0
541562659,97,400000000000000.0,0
541562659,98,400000000000000.0,0
541562659,99,290000000000000.0,0
541562659,100,300000000000000.0,0
541562659,101,310000000000000.0,0
541562659,102,320000000000000.0,0
541562659,103,340000000000000.0,0
541562659,104,350000000000000.0,0
541562659,105,360000000000000.0,0
541562659,106,370000000000000.0,1
541562659,107,370000000000000.0,1
541562659,108,370000000000000.0,1
541562659,109,370000000000000.0,1
541562659,110,370000000000000.0,1
541562659,111,410000000000000.0,1
541562659,112,410000000000000.0,1
541562659,113,410000000000000.0,1
541562659,114,410000000000000.0,1
541562659,115,450000000000000.0,1
541562659,116,450000000000000.0,1
541562659,117,450000000000000.0,1
541562659,118,450000000000000.0,1
541562659,124,50000000000000.0,0
541563728,4,800000000000000.0,0
541563728,5,800000000000000.0,0
541563728,6,800000000000000.0,0
541563728,7,100000000000000.0,0
541563728,8,200000000000000.0,0
541563728,9,300000000000000.0,0
541563728,10,400000000000000.0,0
541563728,11,499999969482421.9,0
541563728,12,600000000000000.0,0
541563728,13,700000000000000.0,0
541563728,14,800000000000000.0,0
541563728,15,900000000000000.0,0
541563728,16,999999938964843.8,0
541563728,17,1100000000000000.0,0
541563728,18,1200000000000000.0,0
541563728,19,1300000000000000.0,1
541563728,20,1250000000000000.0,1
541563728,21,1230000000000000.0,1
541563728,22,1210000000000000.0,0
541563728,23,1220000000000000.0,0
541563728,24,1230000000000000.0,0
541563728,25,1240000000000000.0,0
541563728,26,1250000000000000.0,0
541563728,27,1260000000000000.0,1
541563728,28,1260000000000000.0,1
541563728,29,1260000000000000.0,1
541563728,30,1260000000000000.0,1
541563728,31,1260000000000000.0,1
541563728,32,160000000000000.0,0
541563728,33,140000000000000.0,0
541563728,34,120000000000000.0,0
541563728,35,100000000000000.0,0
541563728,36,80000000000000.0,0
541563728,37,60000000000000.0,0
541563728,38,50000000000000.0,0
541563728,39,50000000000000.0,0
541563728,40,50000000000000.0,0
541563728,41,70000000000000.0,0
541563728,42,90000000000000.0,0
541563728,43,110000000000000.0,0
541563728,44,130000000000000.0,0
541563728,45,150000000000000.0,0
541563728,46,170000000000000.0,0
541563728,47,190000000000000.0,0
541563728,48,210000000000000.0,1
541563728,49,230000000000000.0,2
541563728,50,249999984741210.94,5
541563728,51,270000000000000.0,7
541563728,52,290000000000000.0,9
541563728,53,310000000000000.0,10
541563728,54,330000000000000.0,11
541563728,55,350000000000000.0,13
541563728,56,200000000000000.0,1
541563728,57,200000000000000.0,0
541563728,58,200000000000000.0,0
541563728,59,200000000000000.0,1
541563728,60,200000000000000.0,1
541563728,61,200000000000000.0,1
541563728,62,200000000000000.0,1
541563728,63,463625000000000.0,0
541563728,64,471500000000000.0,0
541563728,65,463625000000000.0,0
541563728,66,471500000000000.0,0
541563728,67,463625000000000.0,0
541563728,68,471500000000000.0,0
541563728,69,463625000000000.0,0
541563728,70,471500000000000.0,0
541563728,72,400000000000000.0,0
541563728,73,400000000000000.0,0
541563728,77,50000000000000.0,0
529878215,4,800000000000000.0,0
529878215,5,800000000000000.0,0
529878215,6,800000000000000.0,0
529878215,7,100000000000000.0,0
529878215,8,200000000000000.0,0
529878215,9,300000000000000.0,0
529878215,10,400000000000000.0,0
529878215,11,499999969482421.9,0
529878215,12,600000000000000.0,0
529878215,13,700000000000000.0,0
529878215,14,800000000000000.0,0
529878215,15,900000000000000.0,0
529878215,16,999999938964843.8,0
529878215,17,1100000000000000.0,0
529878215,18,1200000000000000.0,0
529878215,19,1300000000000000.0,0
529878215,20,1400000000000000.0,0
529878215,21,1500000000000000.0,0
529878215,22,1600000000000000.0,0
529878215,23,1700000000000000.0,0
529878215,24,1800000000000000.0,0
529878215,25,1899999877929687.5,1
529878215,26,1850000000000000.0,1
529878215,27,1830000000000000.0,0
529878215,28,1840000000000000.0,1
529878215,29,1840000000000000.0,1
529878215,30,1840000000000000.0,0
529878215,31,1840000000000000.0,0
529878215,32,1850000000000000.0,0
529878215,33,1860000000000000.0,0
529878215,34,1869999877929687.5,1
529878215,35,1869999877929687.5,1
529878215,36,1869999877929687.5,1
529878215,37,1869999877929687.5,1
529878215,38,1869999877929687.5,0
529878215,39,1869999877929687.5,0
529878215,40,1869999877929687.5,0
529878215,41,1879999877929687.5,0
529878215,42,1889999877929687.5,0
529878215,43,1899999877929687.5,0
529878215,44,1909999877929687.5,0
529878215,45,1919999877929687.5,0
529878215,46,1929999877929687.5,0
529878215,47,1939999877929687.5,0
529878215,48,1949999877929687.5,0
529878215,49,1959999877929687.5,0
529878215,50,1969999877929687.5,0
529878215,51,1989999877929687.5,1
529878215,52,1989999877929687.5,1
529878215,53,1989999877929687.5,0
529878215,54,1989999877929687.5,1
529878215,55,1989999877929687.5,1
529878215,56,1989999877929687.5,0
529878215,57,1989999877929687.5,1
529878215,58,160000000000000.0,0
529878215,59,140000000000000.0,0
529878215,60,120000000000000.0,0
529878215,61,100000000000000.0,0
529878215,62,80000000000000.0,0
529878215,63,60000000000000.0,0
529878215,64,50000000000000.0,0
529878215,65,50000000000000.0,0
529878215,66,50000000000000.0,0
529878215,67,70000000000000.0,0
529878215,68,90000000000000.0,0
529878215,69,110000000000000.0,0
529878215,70,130000000000000.0,0
529878215,71,150000000000000.0,0
529878215,72,170000000000000.0,0
529878215,73,190000000000000.0,0
529878215,74,210000000000000.0,0
529878215,75,230000000000000.0,0
529878215,76,249999984741210.94,0
529878215,77,270000000000000.0,0
529878215,78,290000000000000.0,1
529878215,79,310000000000000.0,1
529878215,80,330000000000000.0,2
529878215,81,350000000000000.0,3
529878215,82,370000000000000.0,7
529878215,83,390000000000000.0,9
529878215,84,410000000000000.0,10
529878215,85,430000000000000.0,12
529878215,86,280000000000000.0,0
529878215,87,300000000000000.0,0
529878215,88,310000000000000.0,1
529878215,89,310000000000000.0,1
529878215,90,310000000000000.0,1
529878215,91,310000000000000.0,1
529878215,98,718500000000000.0,0
529878215,101,400000000000000.0,0
529878215,102,400000000000000.0,0
529878215,103,310000000000000.0,0
529878215,104,330000000000000.0,0
529878215,105,350000000000000.0,0
529878215,106,370000000000000.0,1
529878215,107,370000000000000.0,1
529878215,108,370000000000000.0,1
529878215,109,370000000000000.0,1
529878215,110,370000000000000.0,1
529878215,111,410000000000000.0,3
529878215,112,410000000000000.0,3
529878215,113,410000000000000.0,3
529878215,114,410000000000000.0,3
529878215,115,450000000000000.0,8
529878215,116,450000000000000.0,8
529878215,117,450000000000000.0,8
529878215,118,450000000000000.0,7
529878215,121,50000000000000.0,0
520631985,4,800000000000000.0,0
520631985,5,800000000000000.0,0
520631985,6,800000000000000.0,0
520631985,7,100000000000000.0,0
520631985,8,200000000000000.0,0
520631985,9,300000000000000.0,0
520631985,10,400000000000000.0,0
520631985,11,499999969482421.9,1
520631985,12,499999969482421.9,1
520631985,13,499999969482421.9,1
520631985,14,499999969482421.9,1
520631985,15,499999969482421.9,1
520631985,16,499999969482421.9,1
520631985,17,160000000000000.0,0
520631985,18,140000000000000.0,0
520631985,19,120000000000000.0,0
520631985,20,100000000000000.0,0
520631985,21,80000000000000.0,0
520631985,22,60000000000000.0,0
520631985,23,50000000000000.0,0
520631985,24,50000000000000.0,0
520631985,25,50000000000000.0,0
520631985,26,70000000000000.0,2
520631985,27,90000000000000.0,10
520631985,29,130000000000000.0,24
520631985,30,150000000000000.0,33
520631985,32,190000000000000.0,47
520631985,33,210000000000000.0,57
520631985,35,70000000000000.0,1
520631985,36,70000000000000.0,1
520631985,37,70000000000000.0,1
520631985,38,162500000000000.0,0
520631985,39,165000000000000.0,0
520631985,40,162500000000000.0,0
520631985,41,165000000000000.0,0
520631985,43,165000000000000.0,0
520631985,44,162500000000000.0,0
520631985,47,400000000000000.0,0
520631985,48,400000000000000.0,0
520631985,51,70000000000000.0,1
520631985,53,110000000000000.0,27
520631985,54,110000000000000.0,26
520631985,55,110000000000000.0,27
520631985,56,110000000000000.0,27
520631985,58,150000000000000.0,43
520631985,59,150000000000000.0,44
520631985,60,150000000000000.0,42
520631985,61,499999969482421.9,0
520631985,62,499999969482421.9,0
520631985,63,499999969482421.9,0
520631985,64,499999969482421.9,0
520631985,65,499999969482421.9,0
520631985,66,499999969482421.9,0
520631985,67,499999969482421.9,0
520631985,68,499999969482421.9,0
520631985,69,499999969482421.9,0
520631985,70,499999969482421.9,0
520631985,71,499999969482421.9,0
520631985,72,499999969482421.9,0
520631985,73,499999969482421.9,0
520631985,74,499999969482421.9,0
520631985,76,499999969482421.9,0
520631985,77,499999969482421.9,0
520631985,78,499999969482421.9,0
520631985,79,499999969482421.9,0
520631985,80,499999969482421.9,0
520631985,81,499999969482421.9,0
520631985,84,50000000000000.0,0
562381210,12,800000000000000.0,0
562381210,13,800000000000000.0,0
562381210,14,800000000000000.0,0
562381210,15,100000000000000.0,0
562381210,16,200000000000000.0,0
562381210,17,300000000000000.0,0
562381210,18,400000000000000.0,1
562381210,19,350000000000000.0,0
562381210,20,370000000000000.0,0
562381210,21,390000000000000.0,0
562381210,22,400000000000000.0,0
562381210,23,410000000000000.0,0
562381210,24,430000000000000.0,1
562381210,25,430000000000000.0,0
562381210,26,430000000000000.0,1
562381210,27,430000000000000.0,0
562381210,28,430000000000000.0,1
562381210,29,430000000000000.0,0
562381210,30,430000000000000.0,0
562381210,31,430000000000000.0,0
562381210,32,430000000000000.0,0
562381210,33,430000000000000.0,0
562381210,34,430000000000000.0,0
562381210,35,440000000000000.0,0
562381210,36,440000000000000.0,0
562381210,37,460000000000000.0,0
562381210,38,460000000000000.0,0
562381210,39,479999969482421.9,1
562381210,42,140000000000000.0,0
562381210,43,120000000000000.0,0
562381210,44,100000000000000.0,0
562381210,45,80000000000000.0,0
562381210,47,50000000000000.0,0
562381210,49,50000000000000.0,0
562381210,50,70000000000000.0,2
562381210,51,90000000000000.0,7
562381210,52,110000000000000.0,11
562381210,53,130000000000000.0,14
562381210,54,150000000000000.0,15
562381210,55,170000000000000.0,19
562381210,56,190000000000000.0,21
562381210,57,210000000000000.0,24
562381210,58,59999996185302.734,1
562381210,60,59999996185302.734,1
562381210,61,59999996185302.734,1
562381210,62,139125000000000.0,0
562381210,65,141500000000000.0,0
562381210,68,139125000000000.0,0
562381210,71,400000000000000.0,0
562381210,72,400000000000000.0,0
562381210,76,50000000000000.0,0
561437013,5,800000000000000.0,0
561437013,6,800000000000000.0,0
561437013,7,800000000000000.0,0
561437013,8,100000000000000.0,0
561437013,9,200000000000000.0,0
561437013,10,300000000000000.0,0
561437013,11,400000000000000.0,1
561437013,12,499999969482421.9,1
561437013,13,600000000000000.0,1
561437013,14,350000000000000.0,1
561437013,15,300000000000000.0,0
561437013,16,330000000000000.0,0
561437013,17,340000000000000.0,0
561437013,18,350000000000000.0,0
561437013,19,360000000000000.0,1
561437013,20,360000000000000.0,1
561437013,21,360000000000000.0,0
561437013,22,360000000000000.0,1
561437013,24,160000000000000.0,0
561437013,25,140000000000000.0,0
561437013,26,120000000000000.0,0
561437013,27,100000000000000.0,0
561437013,28,80000000000000.0,0
561437013,29,60000000000000.0,0
561437013,30,50000000000000.0,0
561437013,31,50000000000000.0,3
561437013,32,50000000000000.0,11
561437013,33,70000000000000.0,19
561437013,34,90000000000000.0,25
561437013,35,110000000000000.0,32
561437013,36,130000000000000.0,43
561437013,37,150000000000000.0,48
561437013,38,170000000000000.0,55
561437013,39,50000000000000.0,4
561437013,40,50000000000000.0,4
561437013,41,50000000000000.0,0
561437013,42,50000000000000.0,4
561437013,43,50000000000000.0,4
561437013,44,50000000000000.0,4
561437013,45,50000000000000.0,3
561437013,46,92750000000000.0,0
561437013,47,94250000000000.0,0
561437013,48,92750000000000.0,0
561437013,49,94250000000000.0,0
561437013,51,400000000000000.0,0
561437013,52,400000000000000.0,0
561437013,53,92750000000000.0,0
561437013,54,94250000000000.0,0
561437013,57,50000000000000.0,0
561437013,58,50000000000000.0,0
558211203,5,800000000000000.0,0
558211203,6,800000000000000.0,0
558211203,7,800000000000000.0,0
558211203,8,100000000000000.0,0
558211203,9,200000000000000.0,0
558211203,10,300000000000000.0,1
558211203,11,249999984741210.94,0
558211203,12,270000000000000.0,0
558211203,13,280000000000000.0,0
558211203,14,290000000000000.0,1
558211203,15,290000000000000.0,1
558211203,16,290000000000000.0,1
558211203,17,290000000000000.0,1
558211203,18,290000000000000.0,1
558211203,22,100000000000000.0,0
558211203,23,80000000000000.0,0
558211203,24,60000000000000.0,0
558211203,25,50000000000000.0,0
558211203,26,50000000000000.0,1
558211203,27,50000000000000.0,12
558211203,28,70000000000000.0,20
558211203,29,90000000000000.0,26
558211203,30,110000000000000.0,32
558211203,31,130000000000000.0,38
558211203,32,150000000000000.0,44
558211203,33,170000000000000.0,49
558211203,34,50000000000000.0,0
558211203,35,50000000000000.0,1
558211203,36,50000000000000.0,1
558211203,37,50000000000000.0,1
558211203,38,50000000000000.0,1
558211203,39,69500000000000.0,0
558211203,40,70750000000000.0,0
558211203,41,69500000000000.0,0
558211203,42,70750000000000.0,0
558211203,43,69500000000000.0,0
558211203,44,70750000000000.0,0
558211203,45,69500000000000.0,0
558211203,46,70750000000000.0,0
558211203,48,400000000000000.0,0
558211203,49,400000000000000.0,0
558211203,52,50000000000000.0,0
558211203,53,50000000000000.0,0
576112128,5,800000000000000.0,1
576112128,6,800000000000000.0,0
576112128,7,800000000000000.0,1
576112128,8,100000000000000.0,0
576112128,9,200000000000000.0,0
576112128,10,300000000000000.0,0
576112128,11,400000000000000.0,1
576112128,12,380000000000000.0,1
576112128,13,380000000000000.0,1
576112128,14,380000000000000.0,1
576112128,15,380000000000000.0,1
576112128,16,380000000000000.0,1
576112128,17,160000000000000.0,0
576112128,18,140000000000000.0,0
576112128,19,120000000000000.0,0
576112128,21,80000000000000.0,0
576112128,22,60000000000000.0,0
576112128,23,50000000000000.0,0
576112128,24,50000000000000.0,5
576112128,27,90000000000000.0,21
576112128,28,110000000000000.0,25
576112128,29,130000000000000.0,29
576112128,30,150000000000000.0,32
576112128,31,170000000000000.0,36
576112128,32,50000000000000.0,0
576112128,33,50000000000000.0,5
576112128,34,50000000000000.0,4
576112128,35,50000000000000.0,5
576112128,36,50000000000000.0,3
576112128,37,70000000000000.0,17
576112128,38,70000000000000.0,16
576112128,39,70000000000000.0,15
576112128,40,70000000000000.0,15
576112128,41,69500000000000.0,0
576112128,42,70750000000000.0,0
576112128,43,69500000000000.0,0
576112128,44,70750000000000.0,0
576112128,45,400000000000000.0,0
576112128,46,400000000000000.0,0
576112128,47,400000000000000.0,0
576112128,48,400000000000000.0,0
576112128,49,400000000000000.0,0
576112128,50,400000000000000.0,0
576112128,51,400000000000000.0,0
576112128,52,400000000000000.0,0
576112128,53,400000000000000.0,0
576112128,54,400000000000000.0,0
576112128,55,380000000000000.0,0
576112128,56,380000000000000.0,0
576112128,57,380000000000000.0,0
576112128,58,380000000000000.0,0
576112128,59,380000000000000.0,0
576112128,60,380000000000000.0,0
576112128,61,380000000000000.0,0
576112128,62,380000000000000.0,0
576112128,64,380000000000000.0,0
576112128,65,380000000000000.0,0
576112128,66,380000000000000.0,0
576112128,67,380000000000000.0,0
576112128,71,380000000000000.0,0
576112128,72,380000000000000.0,0
576112128,73,380000000000000.0,0
576112128,74,380000000000000.0,0
576112128,75,380000000000000.0,0
576112128,79,50000000000000.0,0
576112128,80,50000000000000.0,0
529863215,4,800000000000000.0,0
529863215,5,800000000000000.0,0
529863215,6,800000000000000.0,0
529863215,7,100000000000000.0,0
529863215,8,200000000000000.0,0
529863215,9,300000000000000.0,0
529863215,10,400000000000000.0,0
529863215,11,499999969482421.9,0
529863215,12,600000000000000.0,0
529863215,13,700000000000000.0,0
529863215,14,800000000000000.0,0
529863215,15,900000000000000.0,0
529863215,16,999999938964843.8,0
529863215,17,1100000000000000.0,0
529863215,18,1200000000000000.0,0
529863215,19,1300000000000000.0,0
529863215,20,1400000000000000.0,2
529863215,21,1350000000000000.0,0
529863215,22,1370000000000000.0,0
529863215,23,1390000000000000.0,0
529863215,24,1410000000000000.0,2
529863215,25,1400000000000000.0,2
529863215,26,1400000000000000.0,2
529863215,27,1400000000000000.0,2
529863215,28,1400000000000000.0,2
529863215,29,1400000000000000.0,2
529863215,30,160000000000000.0,0
529863215,31,140000000000000.0,0
529863215,32,120000000000000.0,0
529863215,33,100000000000000.0,0
529863215,34,80000000000000.0,0
529863215,35,60000000000000.0,0
529863215,36,50000000000000.0,0
529863215,37,50000000000000.0,0
529863215,38,50000000000000.0,0
529863215,39,70000000000000.0,0
529863215,40,90000000000000.0,0
529863215,41,110000000000000.0,1
529863215,42,130000000000000.0,2
529863215,43,150000000000000.0,2
529863215,44,170000000000000.0,2
529863215,47,230000000000000.0,7
529863215,49,100000000000000.0,0
529863215,50,110000000000000.0,0
529863215,51,119999992370605.47,0
529863215,52,130000000000000.0,1
529863215,53,130000000000000.0,1
529863215,54,130000000000000.0,1
529863215,55,130000000000000.0,1
529863215,56,301375000000000.0,0
529863215,57,306500000000000.0,0
529863215,58,301375000000000.0,0
529863215,59,306500000000000.0,0
529863215,60,301375000000000.0,0
529863215,61,306500000000000.0,0
529863215,62,301375000000000.0,0
529863215,63,306500000000000.0,0
529863215,65,400000000000000.0,0
529863215,66,400000000000000.0,0
529863215,69,50000000000000.0,0
569075240,5,800000000000000.0,3
569075240,6,800000000000000.0,3
569075240,7,100000000000000.0,0
569075240,9,300000000000000.0,0
569075240,10,400000000000000.0,1
569075240,12,330000000000000.0,0
569075240,13,340000000000000.0,0
569075240,14,350000000000000.0,0
569075240,15,370000000000000.0,0
569075240,16,380000000000000.0,1
569075240,17,380000000000000.0,0
569075240,18,380000000000000.0,0
569075240,19,380000000000000.0,0
569075240,23,120000000000000.0,0
569075240,24,100000000000000.0,0
569075240,25,80000000000000.0,0
569075240,26,60000000000000.0,0
569075240,27,50000000000000.0,0
569075240,28,50000000000000.0,7
569075240,29,50000000000000.0,11
569075240,30,70000000000000.0,18
569075240,32,110000000000000.0,33
569075240,37,50000000000000.0,1
569075240,38,50000000000000.0,2
569075240,40,70000000000000.0,6
569075240,44,69500000000000.0,0
569075240,46,69500000000000.0,0
569075240,47,70750000000000.0,0
569075240,49,400000000000000.0,0
569075240,58,400000000000000.0,0
569075240,61,50000000000000.0,0
529877874,4,800000000000000.0,0
529877874,5,800000000000000.0,0
529877874,6,800000000000000.0,0
529877874,7,100000000000000.0,0
529877874,8,200000000000000.0,0
529877874,9,300000000000000.0,0
529877874,10,400000000000000.0,0
529877874,11,499999969482421.9,0
529877874,12,600000000000000.0,1
529877874,13,550000000000000.0,0
529877874,14,570000000000000.0,1
529877874,15,560000000000000.0,1
529877874,16,560000000000000.0,1
529877874,17,560000000000000.0,0
529877874,18,560000000000000.0,0
529877874,19,560000000000000.0,0
529877874,20,570000000000000.0,1
529877874,21,570000000000000.0,1
529877874,22,570000000000000.0,1
529877874,23,570000000000000.0,1
529877874,24,570000000000000.0,1
529877874,25,160000000000000.0,0
529877874,26,140000000000000.0,0
529877874,27,120000000000000.0,0
529877874,28,100000000000000.0,0
529877874,29,80000000000000.0,0
529877874,30,60000000000000.0,0
529877874,31,50000000000000.0,0
529877874,32,50000000000000.0,0
529877874,33,50000000000000.0,4
529877874,34,70000000000000.0,9
529877874,35,90000000000000.0,12
529877874,36,110000000000000.0,17
529877874,37,130000000000000.0,20
529877874,38,150000000000000.0,24
529877874,39,170000000000000.0,27
529877874,40,190000000000000.0,29
529877874,41,50000000000000.0,0
529877874,42,50000000000000.0,2
529877874,43,50000000000000.0,2
529877874,44,50000000000000.0,2
529877874,45,50000000000000.0,0
529877874,46,50000000000000.0,1
529877874,47,115625000000000.0,0
529877874,48,118124992370605.47,0
529877874,49,115625000000000.0,0
529877874,50,118124992370605.47,0
529877874,51,115625000000000.0,0
529877874,52,118124992370605.47,0
529877874,53,115625000000000.0,0
529877874,54,118124992370605.47,0
529877874,56,400000000000000.0,0
529877874,57,400000000000000.0,0
529877874,58,50000000000000.0,4
529877874,59,50000000000000.0,4
529877874,60,50000000000000.0,4
529877874,61,50000000000000.0,4
529877874,62,90000000000000.0,13
529877874,63,90000000000000.0,13
529877874,64,90000000000000.0,14
529877874,65,90000000000000.0,13
529877874,66,130000000000000.0,21
529877874,67,130000000000000.0,21
529877874,68,130000000000000.0,20
529877874,69,130000000000000.0,20
529877874,70,570000000000000.0,0
529877874,71,580000000000000.0,0
529877874,72,590000000000000.0,0
529877874,73,600000000000000.0,0
529877874,74,600000000000000.0,0
529877874,75,600000000000000.0,0
529877874,76,600000000000000.0,0
529877874,77,600000000000000.0,0
529877874,78,600000000000000.0,0
529877874,79,600000000000000.0,0
529877874,80,600000000000000.0,0
529877874,81,600000000000000.0,0
529877874,82,600000000000000.0,0
529877874,83,600000000000000.0,0
529877874,84,600000000000000.0,0
529877874,85,600000000000000.0,0
529877874,86,600000000000000.0,0
529877874,87,600000000000000.0,0
529877874,88,600000000000000.0,0
529877874,89,600000000000000.0,0
529877874,90,600000000000000.0,0
529877874,91,600000000000000.0,0
529877874,92,600000000000000.0,0
529877874,93,600000000000000.0,0
529877874,94,214375000000000.0,0
529877874,95,214375000000000.0,0
529877874,96,214375000000000.0,0
529877874,99,50000000000000.0,0
508420652,4,800000000000000.0,0
508420652,5,800000000000000.0,0
508420652,6,800000000000000.0,0
508420652,7,100000000000000.0,0
508420652,8,200000000000000.0,0
508420652,9,300000000000000.0,0
508420652,10,400000000000000.0,0
508420652,11,499999969482421.9,0
508420652,12,600000000000000.0,1
508420652,13,550000000000000.0,0
508420652,14,570000000000000.0,0
508420652,15,580000000000000.0,0
508420652,16,590000000000000.0,0
508420652,17,600000000000000.0,0
508420652,18,610000000000000.0,0
508420652,19,620000000000000.0,1
508420652,20,620000000000000.0,1
508420652,21,620000000000000.0,0
508420652,22,620000000000000.0,1
508420652,23,620000000000000.0,0
508420652,24,160000000000000.0,0
508420652,25,140000000000000.0,0
508420652,26,120000000000000.0,0
508420652,27,100000000000000.0,0
508420652,28,80000000000000.0,0
508420652,29,60000000000000.0,0
508420652,30,50000000000000.0,0
508420652,31,50000000000000.0,0
508420652,32,50000000000000.0,0
508420652,33,70000000000000.0,0
508420652,34,90000000000000.0,1
508420652,35,110000000000000.0,6
508420652,36,130000000000000.0,12
508420652,38,170000000000000.0,19
508420652,39,190000000000000.0,23
508420652,40,210000000000000.0,25
508420652,42,90000000000000.0,1
508420652,43,90000000000000.0,1
508420652,45,90000000000000.0,1
508420652,46,208624984741210.94,0
508420652,47,212250000000000.0,0
508420652,51,212250000000000.0,0
508420652,53,212250000000000.0,0
508420652,55,400000000000000.0,0
508420652,56,400000000000000.0,0
508420652,57,630000000000000.0,0
508420652,58,650000000000000.0,0
508420652,59,670000000000000.0,0
508420652,60,690000000000000.0,2
508420652,61,690000000000000.0,0
508420652,62,690000000000000.0,0
508420652,64,690000000000000.0,0
508420652,65,690000000000000.0,0
508420652,66,690000000000000.0,0
508420652,67,690000000000000.0,0
508420652,120,50000000000000.0,0
567742660,9,800000000000000.0,0
567742660,11,100000000000000.0,0
567742660,12,200000000000000.0,0
567742660,13,300000000000000.0,0
567742660,14,400000000000000.0,0
567742660,15,499999969482421.9,0
567742660,16,600000000000000.0,1
567742660,17,550000000000000.0,1
567742660,18,530000000000000.0,0
567742660,19,540000000000000.0,1
567742660,20,540000000000000.0,1
567742660,21,540000000000000.0,1
567742660,22,540000000000000.0,1
567742660,23,540000000000000.0,0
567742660,24,540000000000000.0,1
567742660,25,540000000000000.0,1
567742660,26,540000000000000.0,1
567742660,27,540000000000000.0,1
567742660,28,160000000000000.0,0
567742660,29,140000000000000.0,0
567742660,31,100000000000000.0,0
567742660,32,80000000000000.0,0
567742660,36,50000000000000.0,12
567742660,37,70000000000000.0,21
567742660,38,90000000000000.0,27
567742660,39,110000000000000.0,36
567742660,40,130000000000000.0,41
567742660,41,150000000000000.0,45
567742660,42,170000000000000.0,52
567742660,43,190000000000000.0,56
567742660,44,210000000000000.0,62
567742660,45,50000000000000.0,5
567742660,47,50000000000000.0,4
567742660,48,50000000000000.0,5
567742660,49,50000000000000.0,4
567742660,50,50000000000000.0,4
567742660,51,50000000000000.0,4
567742660,52,50000000000000.0,3
567742660,53,80000000000000.0,21
567742660,54,80000000000000.0,22
567742660,55,50000000000000.0,4
567742660,56,92750000000000.0,0
567742660,57,94250000000000.0,0
567742660,58,50000000000000.0,4
567742660,59,92750000000000.0,0
567742660,60,94250000000000.0,0
567742660,62,400000000000000.0,0
567742660,63,400000000000000.0,0
567742660,64,400000000000000.0,0
567742660,65,400000000000000.0,0
567742660,66,400000000000000.0,0
567742660,67,400000000000000.0,0
567742660,68,400000000000000.0,0
567742660,69,400000000000000.0,0
567742660,70,400000000000000.0,0
567742660,75,50000000000000.0,0
567742660,76,50000000000000.0,0
520471727,4,800000000000000.0,0
520471727,5,800000000000000.0,0
520471727,6,800000000000000.0,0
520471727,7,100000000000000.0,0
520471727,8,200000000000000.0,0
520471727,9,300000000000000.0,0
520471727,10,400000000000000.0,0
520471727,11,499999969482421.9,0
520471727,12,600000000000000.0,0
520471727,13,700000000000000.0,2
520471727,14,800000000000000.0,2
520471727,15,800000000000000.0,2
520471727,16,800000000000000.0,1
520471727,17,800000000000000.0,1
520471727,18,800000000000000.0,1
520471727,20,140000000000000.0,0
520471727,21,120000000000000.0,0
520471727,22,100000000000000.0,0
520471727,23,80000000000000.0,0
520471727,24,60000000000000.0,0
520471727,25,50000000000000.0,0
520471727,26,50000000000000.0,0
520471727,27,50000000000000.0,3
520471727,28,70000000000000.0,9
520471727,29,90000000000000.0,14
520471727,30,110000000000000.0,18
520471727,32,150000000000000.0,24
520471727,33,170000000000000.0,27
520471727,34,190000000000000.0,29
520471727,35,50000000000000.0,3
520471727,36,50000000000000.0,1
520471727,37,50000000000000.0,1
520471727,38,50000000000000.0,1
520471727,39,92500000000000.0,0
520471727,40,94375000000000.0,0
520471727,41,92500000000000.0,0
520471727,43,92500000000000.0,0
520471727,46,94375000000000.0,0
520471727,48,400000000000000.0,0
520471727,51,50000000000000.0,5
520471727,52,50000000000000.0,4
520471727,53,50000000000000.0,4
520471727,62,800000000000000.0,0
520471727,63,800000000000000.0,0
520471727,64,800000000000000.0,0
520471727,65,800000000000000.0,0
520471727,66,800000000000000.0,0
520471727,67,800000000000000.0,0
520471727,68,800000000000000.0,0
520471727,69,800000000000000.0,0
520471727,70,800000000000000.0,0
520471727,71,800000000000000.0,0
520471727,72,800000000000000.0,0
520471727,73,800000000000000.0,0
520471727,74,800000000000000.0,0
520471727,75,800000000000000.0,0
520471727,76,800000000000000.0,0
520471727,77,800000000000000.0,0
520471727,78,800000000000000.0,0
520471727,79,800000000000000.0,0
520471727,80,800000000000000.0,0
520471727,81,800000000000000.0,0
520471727,82,800000000000000.0,0
520471727,89,50000000000000.0,0
571516327,5,800000000000000.0,0
571516327,6,800000000000000.0,0
571516327,7,800000000000000.0,0
571516327,8,300000000000000.0,0
571516327,9,600000000000000.0,0
571516327,10,900000000000000.0,0
571516327,11,1200000000000000.0,0
571516327,12,1500000000000000.0,1
571516327,13,1500000000000000.0,1
571516327,14,1500000000000000.0,1
571516327,15,1500000000000000.0,1
571516327,16,1500000000000000.0,1
571516327,17,1500000000000000.0,1
571516327,18,270000000000000.0,0
571516327,19,230000000000000.0,0
571516327,20,190000000000000.0,0
571516327,21,150000000000000.0,0
571516327,22,110000000000000.0,0
571516327,23,70000000000000.0,0
571516327,24,50000000000000.0,0
571516327,25,59999996185302.734,0
571516327,26,100000000000000.0,0
571516327,27,140000000000000.0,0
571516327,28,180000000000000.0,5
571516327,29,220000000000000.0,9
571516327,30,260000000000000.0,12
571516327,31,300000000000000.0,15
571516327,32,340000000000000.0,18
571516327,33,380000000000000.0,21
571516327,34,420000000000000.0,23
571516327,35,460000000000000.0,25
571516327,36,170000000000000.0,4
571516327,37,170000000000000.0,3
571516327,38,170000000000000.0,3
571516327,39,170000000000000.0,3
571516327,40,394000000000000.0,0
571516327,41,400750000000000.0,0
571516327,42,394000000000000.0,0
571516327,43,400750000000000.0,0
571516327,44,394000000000000.0,0
571516327,45,400750000000000.0,0
571516327,48,400000000000000.0,0
571516327,50,400000000000000.0,0
571516327,53,400000000000000.0,0
571516327,54,400000000000000.0,0
571516327,56,400000000000000.0,0
571516327,57,400000000000000.0,0
571516327,59,170000000000000.0,2
571516327,60,170000000000000.0,2
571516327,61,170000000000000.0,2
571516327,62,170000000000000.0,2
571516327,65,50000000000000.0,0
486940963,4,800000000000000.0,0
486940963,5,800000000000000.0,0
486940963,6,800000000000000.0,0
486940963,7,100000000000000.0,0
486940963,8,200000000000000.0,0
486940963,9,300000000000000.0,0
486940963,10,400000000000000.0,0
486940963,11,499999969482421.9,0
486940963,12,600000000000000.0,0
486940963,13,700000000000000.0,0
486940963,14,800000000000000.0,0
486940963,15,900000000000000.0,0
486940963,16,999999938964843.8,0
486940963,17,1100000000000000.0,0
486940963,18,1200000000000000.0,1
486940963,19,1130000000000000.0,1
486940963,20,1130000000000000.0,1
486940963,21,1130000000000000.0,1
486940963,22,1130000000000000.0,1
486940963,23,1130000000000000.0,1
486940963,24,160000000000000.0,0
486940963,25,140000000000000.0,0
486940963,26,120000000000000.0,0
486940963,27,100000000000000.0,0
486940963,28,80000000000000.0,0
486940963,30,50000000000000.0,0
486940963,32,50000000000000.0,0
486940963,33,70000000000000.0,0
486940963,34,90000000000000.0,0
486940963,35,110000000000000.0,0
486940963,36,130000000000000.0,0
486940963,37,150000000000000.0,2
486940963,38,170000000000000.0,3
486940963,39,190000000000000.0,9
486940963,40,209999984741210.94,11
486940963,41,230000000000000.0,14
486940963,42,249999984741210.94,16
486940963,43,270000000000000.0,19
486940963,44,290000000000000.0,22
486940963,45,160000000000000.0,2
486940963,46,160000000000000.0,2
486940963,47,160000000000000.0,3
486940963,48,160000000000000.0,2
486940963,49,370875000000000.0,0
486940963,50,377250000000000.0,0
486940963,51,370875000000000.0,0
486940963,52,377250000000000.0,0
486940963,53,370875000000000.0,0
486940963,54,377250000000000.0,0
486940963,55,370875000000000.0,0
486940963,56,377250000000000.0,0
486940963,57,400000000000000.0,0
486940963,58,400000000000000.0,0
486940963,62,160000000000000.0,4
486940963,63,160000000000000.0,4
486940963,64,200000000000000.0,12
486940963,65,200000000000000.0,12
486940963,66,200000000000000.0,11
486940963,67,200000000000000.0,12
486940963,68,240000015258789.06,16
486940963,69,240000015258789.06,16
486940963,70,240000015258789.06,17
486940963,71,240000015258789.06,17
486940963,73,687125000000000.0,0
486940963,77,50000000000000.0,0
571520182,6,800000000000000.0,0
571520182,7,800000000000000.0,0
571520182,9,100000000000000.0,0
571520182,10,200000000000000.0,0
571520182,11,300000000000000.0,0
571520182,12,400000000000000.0,0
571520182,13,499999969482421.9,1
571520182,14,450000000000000.0,0
571520182,15,469999969482421.9,0
571520182,17,489999969482421.9,0
571520182,19,509999969482421.9,1
571520182,20,509999969482421.9,0
571520182,21,520000000000000.0,0
571520182,22,530000000000000.0,1
571520182,23,530000000000000.0,1
571520182,24,530000000000000.0,1
571520182,25,530000000000000.0,0
571520182,27,160000000000000.0,0
571520182,28,140000000000000.0,0
571520182,29,120000000000000.0,0
571520182,33,50000000000000.0,0
571520182,37,90000000000000.0,23
571520182,41,170000000000000.0,38
571520182,42,50000000000000.0,5
571520182,43,50000000000000.0,2
571520182,44,50000000000000.0,1
571520182,45,50000000000000.0,0
571520182,48,50000000000000.0,3
571520182,51,80000000000000.0,20
571520182,52,80000000000000.0,19
571520182,54,80000000000000.0,20
571520182,55,119999992370605.47,29
571520182,56,119999992370605.47,29
571520182,57,92750000000000.0,0
571520182,65,400000000000000.0,0
571520182,66,400000000000000.0,0
571520182,69,400000000000000.0,0
571520182,74,50000000000000.0,0
571520182,75,50000000000000.0,0
488418027,4,800000000000000.0,0
488418027,5,800000000000000.0,0
488418027,6,800000000000000.0,0
488418027,7,100000000000000.0,0
488418027,8,200000000000000.0,0
488418027,9,300000000000000.0,0
488418027,10,400000000000000.0,0
488418027,11,499999969482421.9,0
488418027,12,600000000000000.0,1
488418027,13,550000000000000.0,1
488418027,14,530000000000000.0,1
488418027,15,509999969482421.9,0
488418027,16,520000000000000.0,0
488418027,17,530000000000000.0,0
488418027,18,550000000000000.0,1
488418027,19,550000000000000.0,1
488418027,20,550000000000000.0,1
488418027,21,550000000000000.0,1
488418027,22,550000000000000.0,1
488418027,23,160000000000000.0,0
488418027,24,140000000000000.0,0
488418027,25,120000000000000.0,0
488418027,26,100000000000000.0,0
488418027,27,80000000000000.0,0
488418027,28,60000000000000.0,0
488418027,29,50000000000000.0,0
488418027,30,50000000000000.0,0
488418027,31,50000000000000.0,0
488418027,32,70000000000000.0,0
488418027,33,90000000000000.0,0
488418027,34,110000000000000.0,1
488418027,35,130000000000000.0,2
488418027,36,150000000000000.0,2
488418027,37,170000000000000.0,4
488418027,38,190000000000000.0,22
488418027,39,209999984741210.94,37
488418027,40,230000000000000.0,49
488418027,41,249999984741210.94,57
488418027,42,100000000000000.0,1
488418027,43,100000000000000.0,1
488418027,44,100000000000000.0,1
488418027,45,231750000000000.0,0
488418027,46,235750000000000.0,0
488418027,47,110000000000000.0,1
488418027,48,254999984741210.94,0
488418027,49,259375000000000.0,0
488418027,50,254999984741210.94,0
488418027,51,259375000000000.0,0
488418027,52,254999984741210.94,0
488418027,53,259375000000000.0,0
488418027,54,254999984741210.94,0
488418027,55,259375000000000.0,0
488418027,57,400000000000000.0,0
488418027,58,400000000000000.0,0
488418027,59,550000000000000.0,0
488418027,60,550000000000000.0,0
488418027,61,550000000000000.0,0
488418027,62,550000000000000.0,0
488418027,63,550000000000000.0,0
488418027,64,550000000000000.0,0
488418027,65,550000000000000.0,0
488418027,66,550000000000000.0,0
488418027,67,550000000000000.0,0
488418027,68,550000000000000.0,0
488418027,69,550000000000000.0,0
488418027,70,550000000000000.0,0
488418027,71,550000000000000.0,0
488418027,72,550000000000000.0,0
488418027,73,550000000000000.0,0
488418027,74,550000000000000.0,0
488418027,75,550000000000000.0,0
488418027,76,550000000000000.0,0
488418027,79,550000000000000.0,0
488418027,80,110000000000000.0,1
488418027,81,110000000000000.0,1
488418027,82,110000000000000.0,0
488418027,83,110000000000000.0,1
488418027,84,150000000000000.0,2
488418027,85,150000000000000.0,2
488418027,86,150000000000000.0,2
488418027,87,150000000000000.0,2
488418027,88,190000000000000.0,7
488418027,89,190000000000000.0,9
488418027,90,190000000000000.0,16
488418027,91,190000000000000.0,15
488418027,92,472500000000000.0,0
488418027,93,472500000000000.0,0
488418027,94,472500000000000.0,0
488418027,97,50000000000000.0,0
567747448,4,800000000000000.0,0
567747448,5,800000000000000.0,0
567747448,7,100000000000000.0,0
567747448,8,200000000000000.0,0
567747448,9,300000000000000.0,0
567747448,10,400000000000000.0,0
567747448,11,499999969482421.9,0
567747448,12,600000000000000.0,0
567747448,13,700000000000000.0,0
567747448,14,800000000000000.0,0
567747448,15,900000000000000.0,1
567747448,16,850000000000000.0,0
567747448,17,870000000000000.0,0
567747448,18,880000000000000.0,0
567747448,19,890000000000000.0,0
567747448,20,900000000000000.0,0
567747448,21,910000000000000.0,0
567747448,22,920000000000000.0,0
567747448,23,930000000000000.0,0
567747448,24,939999938964843.8,0
567747448,25,949999938964843.8,1
567747448,26,949999938964843.8,1
567747448,27,949999938964843.8,1
567747448,29,949999938964843.8,0
567747448,30,160000000000000.0,0
567747448,31,140000000000000.0,0
567747448,32,120000000000000.0,0
567747448,33,100000000000000.0,0
567747448,34,80000000000000.0,0
567747448,35,60000000000000.0,0
567747448,36,50000000000000.0,0
567747448,37,50000000000000.0,0
567747448,38,50000000000000.0,0
567747448,39,70000000000000.0,2
567747448,40,90000000000000.0,6
567747448,41,110000000000000.0,8
567747448,42,130000000000000.0,11
567747448,43,150000000000000.0,13
567747448,44,170000000000000.0,15
567747448,45,190000000000000.0,17
567747448,46,210000000000000.0,18
567747448,48,90000000000000.0,4
567747448,49,90000000000000.0,5
567747448,50,90000000000000.0,3
567747448,51,90000000000000.0,4
567747448,52,130000000000000.0,10
567747448,53,130000000000000.0,10
567747448,54,130000000000000.0,9
567747448,55,130000000000000.0,9
567747448,61,400000000000000.0,0
567747448,62,400000000000000.0,0
567747448,63,400000000000000.0,0
567747448,64,400000000000000.0,0
567747448,65,400000000000000.0,0
567747448,66,400000000000000.0,0
567747448,67,400000000000000.0,0
567747448,68,400000000000000.0,0
567747448,69,400000000000000.0,0
567747448,70,400000000000000.0,0
567747448,73,50000000000000.0,0
529909601,4,800000000000000.0,0
529909601,5,800000000000000.0,0
529909601,6,800000000000000.0,0
529909601,7,100000000000000.0,0
529909601,8,200000000000000.0,0
529909601,9,300000000000000.0,0
529909601,10,400000000000000.0,0
529909601,11,499999969482421.9,0
529909601,12,600000000000000.0,0
529909601,13,700000000000000.0,0
529909601,14,800000000000000.0,0
529909601,15,900000000000000.0,0
529909601,16,999999938964843.8,0
529909601,17,1100000000000000.0,0
529909601,18,1200000000000000.0,0
529909601,19,1300000000000000.0,0
529909601,20,1400000000000000.0,0
529909601,21,1500000000000000.0,0
529909601,22,1600000000000000.0,0
529909601,23,1700000000000000.0,0
529909601,24,1800000000000000.0,0
529909601,25,1899999877929687.5,0
529909601,26,1999999877929687.5,0
529909601,27,2100000000000000.0,0
529909601,28,2200000000000000.0,0
529909601,29,2300000000000000.0,1
529909601,30,2250000000000000.0,1
529909601,31,2230000000000000.0,0
529909601,32,2240000000000000.0,0
529909601,33,2250000000000000.0,0
529909601,34,2270000000000000.0,1
529909601,35,2260000000000000.0,1
529909601,36,2260000000000000.0,1
529909601,37,2260000000000000.0,1
529909601,38,2260000000000000.0,1
529909601,39,2260000000000000.0,1
529909601,40,160000000000000.0,0
529909601,41,140000000000000.0,0
529909601,42,120000000000000.0,0
529909601,43,100000000000000.0,0
529909601,44,80000000000000.0,0
529909601,45,60000000000000.0,0
529909601,46,50000000000000.0,0
529909601,47,50000000000000.0,0
529909601,48,50000000000000.0,0
529909601,49,70000000000000.0,0
529909601,50,90000000000000.0,0
529909601,51,110000000000000.0,0
529909601,52,130000000000000.0,0
529909601,53,150000000000000.0,0
529909601,54,170000000000000.0,0
529909601,55,190000000000000.0,1
529909601,56,210000000000000.0,2
529909601,57,230000000000000.0,3
529909601,58,249999984741210.94,3
529909601,59,270000000000000.0,5
529909601,60,290000000000000.0,5
529909601,61,310000000000000.0,6
529909601,62,330000000000000.0,8
529909601,63,170000000000000.0,0
529909601,64,180000000000000.0,0
529909601,65,190000000000000.0,0
529909601,66,200000000000000.0,0
529909601,67,220000000000000.0,1
529909601,68,210000000000000.0,0
529909601,69,220000000000000.0,1
529909601,70,220000000000000.0,0
529909601,71,220000000000000.0,1
529909601,72,220000000000000.0,1
529909601,74,518625000000000.0,0
529909601,75,509874969482421.9,0
529909601,76,518625000000000.0,0
529909601,78,518625000000000.0,0
529909601,79,509874969482421.9,0
529909601,82,400000000000000.0,0
529909601,83,400000000000000.0,0
529909601,86,50000000000000.0,0
571659461,8,850000000000000.0,3
571659461,9,850000000000000.0,3
571659461,10,150000000000000.0,0
571659461,11,250000000000000.0,0
571659461,12,350000000000000.0,1
571659461,13,300000000000000.0,1
571659461,15,260000000000000.0,0
571659461,16,270000000000000.0,0
571659461,21,280000000000000.0,0
571659461,22,280000000000000.0,0
571659461,24,280000000000000.0,0
571659461,25,280000000000000.0,1
571659461,26,280000000000000.0,1
571659461,27,280000000000000.0,0
571659461,28,280000000000000.0,1
571659461,29,110000000000000.0,0
571659461,30,90000000000000.0,0
571659461,31,70000000000000.0,0
571659461,32,50000000000000.0,0
571659461,33,50000000000000.0,0
571659461,34,50000000000000.0,0
571659461,35,60000000000000.0,0
571659461,36,80000000000000.0,9
571659461,37,100000000000000.0,18
571659461,38,120000000000000.0,26
571659461,39,140000000000000.0,35
571659461,41,180000000000000.0,51
571659461,42,200000000000000.0,57
571659461,43,220000000000000.0,64
571659461,44,240000000000000.0,71
571659461,45,70000000000000.0,1
571659461,46,60000000000000.0,0
571659461,47,70000000000000.0,1
571659461,48,70000000000000.0,1
571659461,49,70000000000000.0,1
571659461,50,70000000000000.0,1
571659461,51,70000000000000.0,1
571659461,52,70000000000000.0,1
571659461,53,110000000000000.0,20
571659461,54,110000000000000.0,14
571659461,55,96375000000000.0,0
571659461,56,97125000000000.0,0
571659461,57,96375000000000.0,0
571659461,58,97125000000000.0,0
571659461,60,400000000000000.0,0
571659461,61,400000000000000.0,0
571659461,62,400000000000000.0,0
571659461,63,400000000000000.0,0
571659461,64,400000000000000.0,0
571659461,65,400000000000000.0,0
571659461,66,400000000000000.0,0
571659461,67,400000000000000.0,0
571659461,68,400000000000000.0,0
571659461,69,400000000000000.0,0
571659461,72,50000000000000.0,0
576136807,5,800000000000000.0,0
576136807,6,800000000000000.0,0
576136807,7,800000000000000.0,0
576136807,8,100000000000000.0,0
576136807,9,200000000000000.0,0
576136807,10,300000000000000.0,0
576136807,11,400000000000000.0,1
576136807,12,350000000000000.0,1
576136807,13,330000000000000.0,0
576136807,14,340000000000000.0,0
576136807,15,350000000000000.0,0
576136807,16,360000000000000.0,1
576136807,17,360000000000000.0,1
576136807,18,360000000000000.0,1
576136807,19,360000000000000.0,1
576136807,20,360000000000000.0,1
576136807,21,160000000000000.0,0
576136807,22,140000000000000.0,0
576136807,23,120000000000000.0,0
576136807,24,100000000000000.0,0
576136807,25,80000000000000.0,0
576136807,26,60000000000000.0,0
576136807,27,50000000000000.0,0
576136807,28,50000000000000.0,1
576136807,29,50000000000000.0,11
576136807,30,70000000000000.0,18
576136807,31,90000000000000.0,25
576136807,32,110000000000000.0,31
576136807,33,130000000000000.0,35
576136807,34,150000000000000.0,43
576136807,35,170000000000000.0,46
576136807,36,50000000000000.0,0
576136807,37,50000000000000.0,1
576136807,38,50000000000000.0,1
576136807,39,50000000000000.0,1
576136807,40,50000000000000.0,1
576136807,41,70000000000000.0,18
576136807,42,70000000000000.0,19
576136807,43,70000000000000.0,18
576136807,44,70000000000000.0,16
576136807,45,110000000000000.0,31
576136807,46,110000000000000.0,30
576136807,47,69500000000000.0,0
576136807,48,70750000000000.0,0
576136807,49,69500000000000.0,0
576136807,50,70750000000000.0,0
576136807,52,400000000000000.0,0
576136807,53,400000000000000.0,0
576136807,54,400000000000000.0,0
576136807,55,400000000000000.0,0
576136807,56,400000000000000.0,0
576136807,57,400000000000000.0,0
576136807,58,400000000000000.0,0
576136807,59,400000000000000.0,0
576136807,60,400000000000000.0,0
576136807,62,360000000000000.0,1
576136807,63,260000000000000.0,0
576136807,64,300000000000000.0,0
576136807,65,330000000000000.0,1
576136807,66,320000000000000.0,1
576136807,67,310000000000000.0,0
576136807,68,320000000000000.0,1
576136807,69,320000000000000.0,0
576136807,70,320000000000000.0,0
576136807,71,320000000000000.0,0
576136807,72,320000000000000.0,0
576136807,73,320000000000000.0,0
576136807,74,320000000000000.0,0
576136807,75,320000000000000.0,0
576136807,76,320000000000000.0,0
576136807,77,320000000000000.0,0
576136807,78,320000000000000.0,0
576136807,79,320000000000000.0,0
576136807,80,320000000000000.0,0
576136807,81,320000000000000.0,0
576136807,82,320000000000000.0,0
576136807,83,320000000000000.0,0
576136807,84,320000000000000.0,0
576136807,85,320000000000000.0,0
576136807,86,320000000000000.0,0
576136807,87,320000000000000.0,0
576136807,88,320000000000000.0,0
576136807,89,320000000000000.0,0
576136807,92,50000000000000.0,0
539561039,4,800000000000000.0,0
539561039,5,800000000000000.0,0
539561039,6,800000000000000.0,0
539561039,7,100000000000000.0,0
539561039,8,200000000000000.0,0
539561039,9,300000000000000.0,0
539561039,10,400000000000000.0,0
539561039,11,499999969482421.9,0
539561039,12,600000000000000.0,0
539561039,13,700000000000000.0,0
539561039,14,800000000000000.0,0
539561039,15,900000000000000.0,0
539561039,16,999999938964843.8,0
539561039,17,1100000000000000.0,0
539561039,18,1200000000000000.0,0
539561039,19,1300000000000000.0,1
539561039,20,1250000000000000.0,0
539561039,21,1270000000000000.0,1
539561039,22,1270000000000000.0,0
539561039,23,1280000000000000.0,1
539561039,24,1280000000000000.0,0
539561039,25,1280000000000000.0,0
539561039,26,1290000000000000.0,1
539561039,27,1290000000000000.0,1
539561039,28,1290000000000000.0,0
539561039,29,1290000000000000.0,0
539561039,30,1310000000000000.0,1
539561039,31,1310000000000000.0,1
539561039,32,1310000000000000.0,0
539561039,33,1310000000000000.0,0
539561039,34,1310000000000000.0,1
539561039,35,1330000000000000.0,1
539561039,36,1330000000000000.0,1
539561039,37,1330000000000000.0,1
539561039,38,1330000000000000.0,1
539561039,39,1330000000000000.0,1
539561039,40,160000000000000.0,0
539561039,41,140000000000000.0,0
539561039,42,120000000000000.0,0
539561039,43,100000000000000.0,0
539561039,44,80000000000000.0,0
539561039,45,60000000000000.0,0
539561039,46,50000000000000.0,0
539561039,47,50000000000000.0,0
539561039,48,50000000000000.0,0
539561039,49,70000000000000.0,0
539561039,50,90000000000000.0,0
539561039,51,110000000000000.0,0
539561039,52,130000000000000.0,0
539561039,53,150000000000000.0,1
539561039,54,170000000000000.0,1
539561039,55,190000000000000.0,3
539561039,56,210000000000000.0,6
539561039,57,230000000000000.0,8
539561039,58,249999984741210.94,10
539561039,59,270000000000000.0,12
539561039,60,290000000000000.0,14
539561039,61,140000000000000.0,0
539561039,62,150000000000000.0,1
539561039,63,150000000000000.0,1
539561039,64,150000000000000.0,1
539561039,65,150000000000000.0,1
539561039,66,347625000000000.0,0
539561039,67,353625000000000.0,0
539561039,68,347625000000000.0,0
539561039,69,353625000000000.0,0
539561039,70,347625000000000.0,0
539561039,71,353625000000000.0,0
539561039,72,347625000000000.0,0
539561039,73,353625000000000.0,0
539561039,75,400000000000000.0,0
539561039,76,400000000000000.0,0
539561039,77,150000000000000.0,1
539561039,78,150000000000000.0,1
539561039,79,150000000000000.0,1
539561039,80,150000000000000.0,1
539561039,81,190000000000000.0,2
539561039,82,190000000000000.0,1
539561039,83,190000000000000.0,2
539561039,84,190000000000000.0,2
539561039,85,230000000000000.0,7
539561039,86,230000000000000.0,7
539561039,87,230000000000000.0,7
539561039,88,230000000000000.0,7
539561039,91,50000000000000.0,0
531517778,4,800000000000000.0,0
531517778,5,800000000000000.0,0
531517778,6,800000000000000.0,0
531517778,7,100000000000000.0,0
531517778,8,200000000000000.0,0
531517778,9,300000000000000.0,0
531517778,10,400000000000000.0,0
531517778,11,499999969482421.9,0
531517778,12,600000000000000.0,0
531517778,13,700000000000000.0,0
531517778,14,800000000000000.0,0
531517778,15,900000000000000.0,0
531517778,16,999999938964843.8,0
531517778,17,1100000000000000.0,0
531517778,18,1200000000000000.0,0
531517778,19,1300000000000000.0,0
531517778,20,1400000000000000.0,0
531517778,21,1500000000000000.0,0
531517778,22,1600000000000000.0,0
531517778,23,1700000000000000.0,0
531517778,24,1800000000000000.0,0
531517778,25,1899999877929687.5,0
531517778,26,1999999877929687.5,0
531517778,27,2100000000000000.0,0
531517778,28,2200000000000000.0,0
531517778,29,2300000000000000.0,0
531517778,30,2400000000000000.0,0
531517778,31,2500000000000000.0,1
531517778,32,2450000000000000.0,0
531517778,33,2470000000000000.0,0
531517778,34,2490000000000000.0,0
531517778,35,2500000000000000.0,0
531517778,36,2510000000000000.0,0
531517778,37,2520000000000000.0,0
531517778,38,2530000000000000.0,0
531517778,39,2540000000000000.0,0
531517778,40,2550000000000000.0,0
531517778,41,2560000000000000.0,0
531517778,42,2590000000000000.0,0
531517778,43,2600000000000000.0,0
531517778,44,2610000000000000.0,0
531517778,45,2650000000000000.0,1
531517778,46,2630000000000000.0,1
531517778,47,2620000000000000.0,0
531517778,48,2630000000000000.0,0
531517778,49,2640000000000000.0,0
531517778,50,2670000000000000.0,2
531517778,51,2650000000000000.0,0
531517778,52,2660000000000000.0,0
531517778,53,2670000000000000.0,1
531517778,54,2670000000000000.0,1
531517778,55,2670000000000000.0,0
531517778,56,2670000000000000.0,0
531517778,57,2680000000000000.0,0
531517778,58,2690000000000000.0,0
531517778,59,2700000000000000.0,0
531517778,60,2730000000000000.0,0
531517778,61,2750000000000000.0,0
531517778,62,2770000000000000.0,0
531517778,63,2790000000000000.0,2
531517778,64,2780000000000000.0,2
531517778,65,2780000000000000.0,2
531517778,66,2780000000000000.0,0
531517778,67,2780000000000000.0,0
531517778,68,2800000000000000.0,0
531517778,69,2800000000000000.0,0
531517778,70,2900000000000000.0,2
531517778,71,249999984741210.94,0
531517778,72,2850000000000000.0,0
531517778,73,2870000000000000.0,0
531517778,74,2890000000000000.0,2
531517778,75,2890000000000000.0,2
531517778,76,2890000000000000.0,2
531517778,77,2890000000000000.0,2
531517778,78,2890000000000000.0,2
531517778,79,160000000000000.0,0
531517778,80,140000000000000.0,0
531517778,81,120000000000000.0,0
531517778,82,100000000000000.0,0
531517778,83,80000000000000.0,0
531517778,84,60000000000000.0,0
531517778,85,50000000000000.0,0
531517778,86,50000000000000.0,0
531517778,87,50000000000000.0,0
531517778,88,70000000000000.0,0
531517778,89,90000000000000.0,0
531517778,90,110000000000000.0,0
531517778,91,130000000000000.0,0
531517778,92,150000000000000.0,0
531517778,93,170000000000000.0,0
531517778,94,190000000000000.0,0
531517778,95,210000000000000.0,0
531517778,96,230000000000000.0,0
531517778,97,249999984741210.94,0
531517778,98,270000000000000.0,0
531517778,99,290000000000000.0,0
531517778,100,310000000000000.0,0
531517778,101,330000000000000.0,0
531517778,102,350000000000000.0,0
531517778,103,370000000000000.0,0
531517778,104,390000000000000.0,0
531517778,105,410000000000000.0,0
531517778,106,430000000000000.0,0
531517778,107,450000000000000.0,0
531517778,108,469999969482421.9,0
531517778,109,489999969482421.9,0
531517778,110,509999969482421.9,0
531517778,111,530000000000000.0,0
531517778,112,550000000000000.0,1
531517778,113,570000000000000.0,1
531517778,114,590000000000000.0,2
531517778,115,610000000000000.0,2
531517778,116,630000000000000.0,2
531517778,117,650000000000000.0,2
531517778,118,670000000000000.0,2
531517778,119,690000000000000.0,2
531517778,120,600000000000000.0,2
531517778,121,540000000000000.0,1
531517778,122,520000000000000.0,0
531517778,123,530000000000000.0,1
531517778,124,530000000000000.0,1
531517778,125,530000000000000.0,1
531517778,126,530000000000000.0,1
531517778,127,1228500000000000.0,0
531517778,128,1249500000000000.0,0
531517778,129,1228500000000000.0,0
531517778,130,1249500000000000.0,0
531517778,131,1228500000000000.0,0
531517778,132,1249500000000000.0,0
531517778,133,1228500000000000.0,0
531517778,134,1249500000000000.0,0
531517778,137,50000000000000.0,0
529833429,4,800000000000000.0,0
529833429,5,800000000000000.0,0
529833429,6,800000000000000.0,0
529833429,7,100000000000000.0,0
529833429,8,200000000000000.0,0
529833429,9,300000000000000.0,0
529833429,10,400000000000000.0,0
529833429,11,499999969482421.9,0
529833429,12,600000000000000.0,0
529833429,13,700000000000000.0,0
529833429,14,800000000000000.0,0
529833429,15,900000000000000.0,0
529833429,16,999999938964843.8,0
529833429,17,1100000000000000.0,0
529833429,18,1200000000000000.0,0
529833429,19,1300000000000000.0,0
529833429,20,1400000000000000.0,0
529833429,21,1500000000000000.0,0
529833429,22,1600000000000000.0,0
529833429,23,1700000000000000.0,0
529833429,24,1800000000000000.0,0
529833429,25,1899999877929687.5,0
529833429,26,1999999877929687.5,1
529833429,27,1999999877929687.5,1
529833429,28,1999999877929687.5,1
529833429,29,1999999877929687.5,1
529833429,32,160000000000000.0,0
529833429,33,140000000000000.0,0
529833429,34,120000000000000.0,0
529833429,35,100000000000000.0,0
529833429,36,80000000000000.0,0
529833429,37,60000000000000.0,0
529833429,38,50000000000000.0,0
529833429,39,50000000000000.0,0
529833429,40,50000000000000.0,0
529833429,41,70000000000000.0,0
529833429,42,90000000000000.0,0
529833429,43,110000000000000.0,0
529833429,44,130000000000000.0,0
529833429,45,150000000000000.0,0
529833429,46,170000000000000.0,0
529833429,47,190000000000000.0,0
529833429,48,210000000000000.0,0
529833429,49,230000000000000.0,1
529833429,50,249999984741210.94,1
529833429,51,270000000000000.0,1
529833429,52,290000000000000.0,1
529833429,53,310000000000000.0,1
529833429,54,330000000000000.0,1
529833429,55,350000000000000.0,3
529833429,56,370000000000000.0,5
529833429,57,239999984741210.94,1
529833429,58,239999984741210.94,1
529833429,59,239999984741210.94,1
529833429,60,239999984741210.94,1
529833429,61,556250000000000.0,0
529833429,63,556250000000000.0,0
529833429,65,556250000000000.0,0
529833429,68,50000000000000.0,0
539542640,5,800000000000000.0,0
539542640,6,800000000000000.0,0
539542640,7,800000000000000.0,0
539542640,8,100000000000000.0,0
539542640,9,200000000000000.0,0
539542640,10,300000000000000.0,0
539542640,11,400000000000000.0,0
539542640,12,499999969482421.9,0
539542640,13,600000000000000.0,0
539542640,14,700000000000000.0,0
539542640,15,800000000000000.0,0
539542640,16,900000000000000.0,0
539542640,17,999999938964843.8,0
539542640,18,1100000000000000.0,0
539542640,19,1200000000000000.0,0
539542640,20,1300000000000000.0,0
539542640,21,1400000000000000.0,0
539542640,22,1500000000000000.0,0
539542640,23,1600000000000000.0,0
539542640,24,1700000000000000.0,0
539542640,25,1800000000000000.0,0
539542640,26,1899999877929687.5,0
539542640,27,1999999877929687.5,0
539542640,28,2100000000000000.0,0
539542640,29,2200000000000000.0,0
539542640,30,2300000000000000.0,0
539542640,31,2400000000000000.0,0
539542640,32,2500000000000000.0,0
539542640,33,2600000000000000.0,1
539542640,34,2550000000000000.0,1
539542640,35,2530000000000000.0,0
539542640,36,2540000000000000.0,0
539542640,37,2550000000000000.0,0
539542640,38,2570000000000000.0,0
539542640,39,2590000000000000.0,0
539542640,40,2610000000000000.0,0
539542640,41,2630000000000000.0,0
539542640,42,2700000000000000.0,1
539542640,43,2650000000000000.0,0
539542640,44,2670000000000000.0,0
539542640,45,2690000000000000.0,0
539542640,46,2710000000000000.0,1
539542640,47,2710000000000000.0,0
539542640,48,2710000000000000.0,0
539542640,49,2720000000000000.0,0
539542640,50,2740000000000000.0,0
539542640,51,2780000000000000.0,1
539542640,52,2760000000000000.0,0
539542640,53,2780000000000000.0,0
539542640,54,2800000000000000.0,0
539542640,55,2830000000000000.0,0
539542640,56,2870000000000000.0,1
539542640,57,2870000000000000.0,1
539542640,58,2870000000000000.0,1
539542640,59,2870000000000000.0,1
539542640,60,2870000000000000.0,1
539542640,61,160000000000000.0,0
539542640,62,140000000000000.0,0
539542640,63,120000000000000.0,0
539542640,64,100000000000000.0,0
539542640,65,80000000000000.0,0
539542640,67,50000000000000.0,0
539542640,68,50000000000000.0,0
539542640,69,50000000000000.0,0
539542640,70,70000000000000.0,0
539542640,71,90000000000000.0,0
539542640,72,110000000000000.0,0
539542640,73,130000000000000.0,0
539542640,74,150000000000000.0,0
539542640,75,170000000000000.0,0
539542640,76,190000000000000.0,0
539542640,77,210000000000000.0,0
539542640,78,230000000000000.0,0
539542640,79,249999984741210.94,0
539542640,80,270000000000000.0,0
539542640,81,290000000000000.0,0
539542640,82,310000000000000.0,0
539542640,83,330000000000000.0,0
539542640,84,350000000000000.0,0
539542640,85,370000000000000.0,0
539542640,86,390000000000000.0,0
539542640,87,410000000000000.0,0
539542640,88,430000000000000.0,0
539542640,89,450000000000000.0,0
539542640,90,469999969482421.9,0
539542640,91,489999969482421.9,0
539542640,92,509999969482421.9,1
539542640,93,530000000000000.0,1
539542640,94,550000000000000.0,1
539542640,95,570000000000000.0,1
539542640,96,590000000000000.0,3
539542640,97,610000000000000.0,5
539542640,98,630000000000000.0,6
539542640,99,650000000000000.0,6
539542640,100,499999969482421.9,1
539542640,101,489999969482421.9,0
539542640,102,499999969482421.9,1
539542640,103,499999969482421.9,1
539542640,104,499999969482421.9,0
539542640,105,499999969482421.9,0
539542640,106,509999969482421.9,1
539542640,107,509999969482421.9,1
539542640,108,509999969482421.9,1
539542640,109,509999969482421.9,1
539542640,110,1182125000000000.0,0
539542640,111,1202375000000000.0,0
539542640,112,1182125000000000.0,0
539542640,113,1202375000000000.0,0
539542640,114,1182125000000000.0,0
539542640,115,1202375000000000.0,0
539542640,116,1182125000000000.0,0
539542640,117,1202375000000000.0,0
539542640,119,400000000000000.0,0
539542640,120,400000000000000.0,0
539542640,124,50000000000000.0,0
541540615,4,800000000000000.0,0
541540615,5,800000000000000.0,0
541540615,6,800000000000000.0,0
541540615,7,100000000000000.0,0
541540615,8,200000000000000.0,0
541540615,9,300000000000000.0,0
541540615,10,400000000000000.0,0
541540615,11,499999969482421.9,0
541540615,12,600000000000000.0,1
541540615,13,550000000000000.0,0
541540615,14,570000000000000.0,0
541540615,15,580000000000000.0,0
541540615,16,590000000000000.0,1
541540615,17,590000000000000.0,1
541540615,18,590000000000000.0,0
541540615,19,590000000000000.0,0
541540615,20,600000000000000.0,1
541540615,21,600000000000000.0,0
541540615,23,610000000000000.0,1
541540615,24,610000000000000.0,1
541540615,25,610000000000000.0,0
541540615,26,610000000000000.0,0
541540615,27,620000000000000.0,1
541540615,28,620000000000000.0,1
541540615,29,620000000000000.0,1
541540615,30,620000000000000.0,1
541540615,31,620000000000000.0,1
541540615,33,140000000000000.0,0
541540615,34,120000000000000.0,0
541540615,35,100000000000000.0,0
541540615,37,60000000000000.0,0
541540615,38,50000000000000.0,0
541540615,39,50000000000000.0,0
541540615,40,50000000000000.0,0
541540615,41,70000000000000.0,12
541540615,42,90000000000000.0,17
541540615,43,110000000000000.0,26
541540615,46,170000000000000.0,39
541540615,48,210000000000000.0,45
541540615,49,59999996185302.734,10
541540615,50,50000000000000.0,1
541540615,52,50000000000000.0,1
541540615,56,94250000000000.0,0
541540615,58,94250000000000.0,0
541540615,59,92750000000000.0,0
541540615,61,92750000000000.0,0
541540615,65,400000000000000.0,0
541540615,68,50000000000000.0,0
529889679,4,800000000000000.0,0
529889679,5,800000000000000.0,0
529889679,6,800000000000000.0,0
529889679,7,100000000000000.0,0
529889679,8,200000000000000.0,0
529889679,9,300000000000000.0,0
529889679,10,400000000000000.0,0
529889679,11,499999969482421.9,0
529889679,12,600000000000000.0,0
529889679,13,700000000000000.0,1
529889679,14,650000000000000.0,0
529889679,15,670000000000000.0,0
529889679,16,690000000000000.0,0
529889679,17,700000000000000.0,1
529889679,18,700000000000000.0,1
529889679,19,700000000000000.0,0
529889679,20,700000000000000.0,0
529889679,21,710000000000000.0,0
529889679,22,720000000000000.0,0
529889679,23,730000000000000.0,0
529889679,24,740000000000000.0,0
529889679,25,750000000000000.0,0
529889679,26,760000000000000.0,0
529889679,27,770000000000000.0,1
529889679,28,770000000000000.0,1
529889679,29,770000000000000.0,1
529889679,30,770000000000000.0,1
529889679,32,160000000000000.0,0
529889679,33,140000000000000.0,0
529889679,34,120000000000000.0,0
529889679,35,100000000000000.0,0
529889679,36,80000000000000.0,0
529889679,37,60000000000000.0,0
529889679,38,50000000000000.0,0
529889679,39,50000000000000.0,0
529889679,42,90000000000000.0,7
529889679,44,130000000000000.0,13
529889679,46,170000000000000.0,20
529889679,47,190000000000000.0,22
529889679,48,210000000000000.0,25
529889679,49,59999996185302.734,0
529889679,50,70000000000000.0,2
529889679,51,70000000000000.0,0
529889679,52,70000000000000.0,0
529889679,54,80000000000000.0,3
529889679,56,80000000000000.0,3
529889679,57,185375000000000.0,0
529889679,59,185375000000000.0,0
529889679,61,185375000000000.0,0
529889679,62,188625000000000.0,0
529889679,64,188625000000000.0,0
529889679,69,90000000000000.0,0
529889679,70,100000000000000.0,0
529889679,71,110000000000000.0,1
529889679,74,110000000000000.0,2
529889679,75,110000000000000.0,0
529889679,76,150000000000000.0,9
529889679,77,150000000000000.0,10
529889679,79,150000000000000.0,10
529889679,80,190000000000000.0,16
529889679,82,190000000000000.0,18
529889679,84,750000000000000.0,0
529889679,85,770000000000000.0,0
529889679,86,790000000000000.0,0
529889679,87,800000000000000.0,0
529889679,88,810000000000000.0,0
529889679,89,850000000000000.0,0
529889679,90,890000000000000.0,0
529889679,91,900000000000000.0,0
529889679,92,999999938964843.8,0
529889679,93,1100000000000000.0,1
529889679,94,1050000000000000.0,1
529889679,95,1030000000000000.0,0
529889679,96,1040000000000000.0,1
529889679,97,1040000000000000.0,0
529889679,98,1050000000000000.0,0
529889679,99,1070000000000000.0,0
529889679,100,1070000000000000.0,0
529889679,101,1070000000000000.0,0
529889679,102,1070000000000000.0,0
529889679,103,1070000000000000.0,0
529889679,104,1070000000000000.0,0
529889679,105,1070000000000000.0,0
529889679,106,1070000000000000.0,0
529889679,107,1070000000000000.0,0
529889679,108,1070000000000000.0,0
529889679,110,1070000000000000.0,0
529889679,111,1070000000000000.0,0
529889679,112,1070000000000000.0,0
529889679,113,1070000000000000.0,0
529889679,114,1070000000000000.0,0
529889679,116,1070000000000000.0,0
529889679,117,1070000000000000.0,0
529889679,118,1070000000000000.0,0
529889679,119,1070000000000000.0,0
529889679,120,472500000000000.0,0
529889679,121,472500000000000.0,0
529889679,125,50000000000000.0,0
537313600,4,800000000000000.0,0
537313600,5,800000000000000.0,0
537313600,6,800000000000000.0,0
537313600,7,100000000000000.0,0
537313600,8,200000000000000.0,0
537313600,9,300000000000000.0,0
537313600,10,400000000000000.0,0
537313600,11,499999969482421.9,0
537313600,12,600000000000000.0,0
537313600,13,700000000000000.0,0
537313600,14,800000000000000.0,0
537313600,15,900000000000000.0,0
537313600,16,999999938964843.8,0
537313600,17,1100000000000000.0,0
537313600,18,1200000000000000.0,0
537313600,19,1300000000000000.0,0
537313600,20,1400000000000000.0,0
537313600,21,1500000000000000.0,0
537313600,22,1600000000000000.0,0
537313600,23,1700000000000000.0,0
537313600,24,1800000000000000.0,0
537313600,25,1899999877929687.5,0
537313600,26,1999999877929687.5,0
537313600,27,1999999877929687.5,0
537313600,28,2200000000000000.0,0
537313600,29,2400000000000000.0,3
537313600,30,2300000000000000.0,3
537313600,31,2220000000000000.0,3
537313600,32,2200000000000000.0,2
537313600,33,1999999877929687.5,0
537313600,34,2100000000000000.0,0
537313600,35,2150000000000000.0,0
537313600,36,2170000000000000.0,0
537313600,37,2190000000000000.0,0
537313600,38,2200000000000000.0,0
537313600,39,2220000000000000.0,0
537313600,40,2250000000000000.0,0
537313600,41,2270000000000000.0,0
537313600,42,2290000000000000.0,0
537313600,43,2300000000000000.0,0
537313600,44,2320000000000000.0,0
537313600,45,2340000000000000.0,3
537313600,46,2340000000000000.0,2
537313600,47,2340000000000000.0,2
537313600,48,2340000000000000.0,3
537313600,49,2340000000000000.0,2
537313600,50,160000000000000.0,0
537313600,51,140000000000000.0,0
537313600,52,120000000000000.0,0
537313600,53,100000000000000.0,0
537313600,54,80000000000000.0,0
537313600,55,60000000000000.0,0
537313600,56,50000000000000.0,0
537313600,57,50000000000000.0,0
537313600,58,50000000000000.0,0
537313600,59,70000000000000.0,0
537313600,60,90000000000000.0,0
537313600,61,110000000000000.0,0
537313600,62,130000000000000.0,0
537313600,63,150000000000000.0,0
537313600,64,170000000000000.0,0
537313600,65,190000000000000.0,0
537313600,66,210000000000000.0,0
537313600,67,230000000000000.0,0
537313600,68,249999984741210.94,0
537313600,69,270000000000000.0,0
537313600,70,290000000000000.0,0
537313600,71,310000000000000.0,2
537313600,72,330000000000000.0,2
537313600,73,350000000000000.0,3
537313600,74,370000000000000.0,3
537313600,75,390000000000000.0,3
537313600,76,410000000000000.0,3
537313600,77,430000000000000.0,3
537313600,78,450000000000000.0,3
537313600,79,310000000000000.0,2
537313600,80,300000000000000.0,2
537313600,81,280000000000000.0,0
537313600,82,290000000000000.0,0
537313600,83,300000000000000.0,0
537313600,84,310000000000000.0,2
537313600,85,310000000000000.0,2
537313600,86,310000000000000.0,2
537313600,87,310000000000000.0,2
537313600,88,718500000000000.0,0
537313600,89,730874938964843.8,0
537313600,90,718500000000000.0,0
537313600,91,730874938964843.8,0
537313600,92,718500000000000.0,0
537313600,93,730874938964843.8,0
537313600,94,718500000000000.0,0
537313600,95,730874938964843.8,0
537313600,97,400000000000000.0,0
537313600,98,400000000000000.0,0
537313600,99,320000000000000.0,0
537313600,100,330000000000000.0,0
537313600,101,350000000000000.0,2
537313600,102,350000000000000.0,0
537313600,103,350000000000000.0,0
537313600,104,350000000000000.0,0
537313600,107,50000000000000.0,0
569844159,6,800000000000000.0,0
569844159,7,800000000000000.0,0
569844159,8,800000000000000.0,0
569844159,9,100000000000000.0,0
569844159,10,200000000000000.0,0
569844159,11,300000000000000.0,0
569844159,12,400000000000000.0,0
569844159,13,499999969482421.9,0
569844159,14,600000000000000.0,0
569844159,15,700000000000000.0,0
569844159,16,800000000000000.0,0
569844159,17,900000000000000.0,0
569844159,18,999999938964843.8,0
569844159,19,1100000000000000.0,1
569844159,20,1050000000000000.0,1
569844159,21,1030000000000000.0,0
569844159,22,1040000000000000.0,1
569844159,23,1040000000000000.0,1
569844159,24,1040000000000000.0,0
569844159,25,1040000000000000.0,0
569844159,26,1050000000000000.0,0
569844159,27,1060000000000000.0,1
569844159,28,1060000000000000.0,0
569844159,29,1070000000000000.0,1
569844159,30,1070000000000000.0,1
569844159,31,1070000000000000.0,1
569844159,32,1070000000000000.0,1
569844159,33,1070000000000000.0,1
569844159,34,160000000000000.0,0
569844159,35,140000000000000.0,0
569844159,36,120000000000000.0,0
569844159,37,100000000000000.0,0
569844159,38,80000000000000.0,0
569844159,39,60000000000000.0,0
569844159,40,50000000000000.0,0
569844159,41,50000000000000.0,0
569844159,42,50000000000000.0,0
569844159,43,70000000000000.0,0
569844159,44,90000000000000.0,0
569844159,45,110000000000000.0,0
569844159,46,130000000000000.0,0
569844159,47,150000000000000.0,0
569844159,48,170000000000000.0,0
569844159,49,190000000000000.0,1
569844159,50,210000000000000.0,2
569844159,51,230000000000000.0,4
569844159,52,249999984741210.94,7
569844159,53,270000000000000.0,9
569844159,54,290000000000000.0,11
569844159,55,310000000000000.0,12
569844159,56,330000000000000.0,14
569844159,57,180000000000000.0,0
569844159,58,190000000000000.0,1
569844159,59,190000000000000.0,0
569844159,60,200000000000000.0,1
569844159,61,200000000000000.0,1
569844159,62,200000000000000.0,1
569844159,63,200000000000000.0,1
569844159,64,239999984741210.94,4
569844159,65,239999984741210.94,3
569844159,66,239999984741210.94,3
569844159,67,239999984741210.94,3
569844159,68,280000000000000.0,8
569844159,69,280000000000000.0,8
569844159,70,280000000000000.0,8
569844159,71,280000000000000.0,8
569844159,72,463625000000000.0,0
569844159,75,400000000000000.0,0
569844159,76,400000000000000.0,0
569844159,77,400000000000000.0,0
569844159,78,400000000000000.0,0
569844159,79,400000000000000.0,0
569844159,80,400000000000000.0,0
569844159,81,400000000000000.0,0
569844159,82,400000000000000.0,0
569844159,83,400000000000000.0,0
569844159,84,400000000000000.0,0
569844159,87,50000000000000.0,0
528625591,4,800000000000000.0,0
528625591,5,800000000000000.0,0
528625591,6,800000000000000.0,0
528625591,8,200000000000000.0,0
528625591,9,300000000000000.0,0
528625591,10,400000000000000.0,0
528625591,11,499999969482421.9,0
528625591,12,600000000000000.0,0
528625591,13,700000000000000.0,0
528625591,14,800000000000000.0,0
528625591,15,900000000000000.0,0
528625591,16,999999938964843.8,0
528625591,17,1100000000000000.0,0
528625591,18,1200000000000000.0,0
528625591,19,1300000000000000.0,0
528625591,20,1400000000000000.0,0
528625591,21,1500000000000000.0,0
528625591,22,1600000000000000.0,0
528625591,23,1700000000000000.0,1
528625591,24,1650000000000000.0,0
528625591,25,1670000000000000.0,0
528625591,26,1690000000000000.0,0
528625591,27,1700000000000000.0,0
528625591,28,1710000000000000.0,0
528625591,29,1730000000000000.0,1
528625591,30,1720000000000000.0,1
528625591,31,1720000000000000.0,1
528625591,32,1720000000000000.0,1
528625591,33,1720000000000000.0,1
528625591,34,1720000000000000.0,1
528625591,35,160000000000000.0,0
528625591,36,140000000000000.0,0
528625591,37,120000000000000.0,0
528625591,38,100000000000000.0,0
528625591,39,80000000000000.0,0
528625591,40,60000000000000.0,0
528625591,41,50000000000000.0,0
528625591,42,50000000000000.0,0
528625591,43,50000000000000.0,0
528625591,44,70000000000000.0,0
528625591,45,90000000000000.0,0
528625591,46,110000000000000.0,0
528625591,47,130000000000000.0,0
528625591,48,150000000000000.0,0
528625591,49,170000000000000.0,0
528625591,50,190000000000000.0,0
528625591,51,210000000000000.0,0
528625591,52,230000000000000.0,0
528625591,53,249999984741210.94,0
528625591,54,270000000000000.0,1
528625591,55,290000000000000.0,1
528625591,56,310000000000000.0,1
528625591,57,330000000000000.0,1
528625591,58,350000000000000.0,1
528625591,59,370000000000000.0,2
528625591,60,390000000000000.0,2
528625591,61,410000000000000.0,2
528625591,62,430000000000000.0,4
528625591,63,450000000000000.0,4
528625591,64,260000000000000.0,0
528625591,65,270000000000000.0,0
528625591,66,300000000000000.0,0
528625591,67,330000000000000.0,0
528625591,68,340000000000000.0,1
528625591,69,340000000000000.0,0
528625591,70,340000000000000.0,0
528625591,71,340000000000000.0,0
528625591,72,360000000000000.0,1
528625591,73,360000000000000.0,1
528625591,74,360000000000000.0,1
528625591,75,360000000000000.0,1
528625591,89,50000000000000.0,0
545188095,5,800000000000000.0,0
545188095,6,800000000000000.0,0
545188095,7,800000000000000.0,0
545188095,8,100000000000000.0,0
545188095,9,200000000000000.0,0
545188095,10,300000000000000.0,0
545188095,11,400000000000000.0,0
545188095,12,499999969482421.9,0
545188095,13,600000000000000.0,0
545188095,14,700000000000000.0,0
545188095,15,800000000000000.0,0
545188095,16,900000000000000.0,0
545188095,17,999999938964843.8,0
545188095,18,1100000000000000.0,1
545188095,19,949999938964843.8,0
545188095,20,969999938964843.8,0
545188095,21,989999938964843.8,0
545188095,22,1050000000000000.0,0
545188095,23,1070000000000000.0,0
545188095,24,1080000000000000.0,0
545188095,25,1090000000000000.0,0
545188095,26,1120000000000000.0,0
545188095,27,1150000000000000.0,0
545188095,28,1180000000000000.0,0
545188095,29,1200000000000000.0,0
545188095,30,1230000000000000.0,1
545188095,31,1230000000000000.0,1
545188095,32,1230000000000000.0,1
545188095,34,1230000000000000.0,1
545188095,35,1220000000000000.0,0
545188095,36,160000000000000.0,0
545188095,37,140000000000000.0,0
545188095,38,120000000000000.0,0
545188095,39,100000000000000.0,0
545188095,40,80000000000000.0,0
545188095,41,60000000000000.0,0
545188095,42,50000000000000.0,0
545188095,43,50000000000000.0,0
545188095,44,50000000000000.0,0
545188095,45,70000000000000.0,0
545188095,46,90000000000000.0,0
545188095,47,110000000000000.0,1
545188095,48,130000000000000.0,1
545188095,49,150000000000000.0,5
545188095,80,50000000000000.0,0
505690787,4,800000000000000.0,0
505690787,5,800000000000000.0,0
505690787,6,800000000000000.0,0
505690787,7,100000000000000.0,0
505690787,8,200000000000000.0,0
505690787,9,300000000000000.0,0
505690787,10,400000000000000.0,0
505690787,11,499999969482421.9,0
505690787,12,600000000000000.0,0
505690787,13,700000000000000.0,0
505690787,14,800000000000000.0,0
505690787,15,900000000000000.0,0
505690787,16,999999938964843.8,0
505690787,17,1100000000000000.0,0
505690787,18,1200000000000000.0,0
505690787,19,1300000000000000.0,0
505690787,20,1400000000000000.0,0
505690787,21,1500000000000000.0,0
505690787,22,1600000000000000.0,1
505690787,23,1550000000000000.0,1
505690787,24,1530000000000000.0,1
505690787,25,1510000000000000.0,1
505690787,26,1500000000000000.0,1
505690787,27,1490000000000000.0,0
505690787,28,1500000000000000.0,0
505690787,29,1510000000000000.0,0
505690787,30,1520000000000000.0,0
505690787,31,1530000000000000.0,0
505690787,32,1550000000000000.0,1
505690787,33,1540000000000000.0,0
505690787,34,1550000000000000.0,1
505690787,35,1550000000000000.0,1
505690787,36,1550000000000000.0,1
505690787,37,1550000000000000.0,1
505690787,38,160000000000000.0,0
505690787,39,140000000000000.0,0
505690787,40,120000000000000.0,0
505690787,41,100000000000000.0,0
505690787,42,80000000000000.0,0
505690787,43,60000000000000.0,0
505690787,44,50000000000000.0,0
505690787,45,50000000000000.0,0
505690787,46,50000000000000.0,0
505690787,47,70000000000000.0,0
505690787,48,90000000000000.0,0
505690787,49,110000000000000.0,0
505690787,50,130000000000000.0,0
505690787,51,150000000000000.0,0
505690787,52,170000000000000.0,1
505690787,53,190000000000000.0,2
505690787,54,210000000000000.0,4
505690787,55,230000000000000.0,6
505690787,56,249999984741210.94,8
505690787,57,270000000000000.0,9
505690787,58,290000000000000.0,11
505690787,59,310000000000000.0,12
505690787,60,160000000000000.0,0
505690787,61,170000000000000.0,0
505690787,62,180000000000000.0,1
505690787,63,180000000000000.0,1
505690787,64,180000000000000.0,1
505690787,65,417249969482421.9,0
505690787,66,424375000000000.0,0
505690787,67,417249969482421.9,0
505690787,68,424375000000000.0,0
505690787,69,417249969482421.9,0
505690787,70,424375000000000.0,0
505690787,71,417249969482421.9,0
505690787,72,424375000000000.0,0
505690787,74,400000000000000.0,0
505690787,75,400000000000000.0,0
505690787,76,1550000000000000.0,0
505690787,77,1570000000000000.0,1
505690787,78,1560000000000000.0,0
505690787,79,1570000000000000.0,0
505690787,80,1580000000000000.0,0
505690787,81,1580000000000000.0,0
505690787,82,1580000000000000.0,0
505690787,83,1580000000000000.0,0
505690787,84,1580000000000000.0,0
505690787,85,1580000000000000.0,0
505690787,86,1580000000000000.0,0
505690787,87,1580000000000000.0,0
505690787,88,1580000000000000.0,0
505690787,89,1580000000000000.0,0
505690787,90,1580000000000000.0,0
505690787,91,1580000000000000.0,0
505690787,92,1580000000000000.0,0
505690787,93,1580000000000000.0,0
505690787,94,1580000000000000.0,0
505690787,95,1580000000000000.0,0
505690787,96,1580000000000000.0,0
505690787,97,1580000000000000.0,0
505690787,98,1580000000000000.0,0
505690787,99,1580000000000000.0,0
505690787,100,1580000000000000.0,0
505690787,101,170000000000000.0,0
505690787,102,180000000000000.0,0
505690787,103,190000000000000.0,0
505690787,104,210000000000000.0,1
505690787,105,200000000000000.0,0
505690787,106,210000000000000.0,1
505690787,107,210000000000000.0,1
505690787,108,210000000000000.0,1
505690787,109,210000000000000.0,1
505690787,110,249999984741210.94,6
505690787,111,249999984741210.94,6
505690787,112,249999984741210.94,6
505690787,113,249999984741210.94,6
505690787,114,290000000000000.0,10
505690787,115,290000000000000.0,10
505690787,116,290000000000000.0,10
505690787,117,290000000000000.0,10
505690787,120,50000000000000.0,0
528636794,4,800000000000000.0,0
528636794,5,800000000000000.0,0
528636794,6,800000000000000.0,0
528636794,7,100000000000000.0,0
528636794,8,200000000000000.0,0
528636794,9,300000000000000.0,0
528636794,10,400000000000000.0,0
528636794,11,499999969482421.9,0
528636794,12,600000000000000.0,1
528636794,13,550000000000000.0,0
528636794,14,570000000000000.0,0
528636794,15,590000000000000.0,0
528636794,16,610000000000000.0,0
528636794,17,630000000000000.0,0
528636794,18,650000000000000.0,1
528636794,19,640000000000000.0,1
528636794,20,640000000000000.0,0
528636794,25,650000000000000.0,0
528636794,26,160000000000000.0,0
528636794,27,140000000000000.0,0
528636794,28,120000000000000.0,0
528636794,29,100000000000000.0,0
528636794,30,80000000000000.0,0
528636794,31,60000000000000.0,0
528636794,32,50000000000000.0,0
528636794,33,50000000000000.0,0
528636794,34,50000000000000.0,0
528636794,35,70000000000000.0,0
528636794,36,90000000000000.0,0
528636794,40,170000000000000.0,11
528636794,43,230000000000000.0,24
528636794,46,90000000000000.0,0
528636794,47,100000000000000.0,0
528636794,48,110000000000000.0,1
528636794,49,110000000000000.0,1
528636794,50,110000000000000.0,1
528636794,51,254999984741210.94,0
528636794,52,259375000000000.0,0
528636794,53,254999984741210.94,0
528636794,54,259375000000000.0,0
528636794,55,254999984741210.94,0
528636794,56,259375000000000.0,0
528636794,57,254999984741210.94,0
528636794,58,259375000000000.0,0
528636794,60,400000000000000.0,0
528636794,61,400000000000000.0,0
528636794,63,110000000000000.0,1
528636794,64,110000000000000.0,1
528636794,65,110000000000000.0,1
528636794,66,110000000000000.0,0
528636794,67,150000000000000.0,2
528636794,68,150000000000000.0,3
528636794,69,150000000000000.0,3
528636794,70,150000000000000.0,3
528636794,71,190000000000000.0,11
528636794,72,190000000000000.0,11
528636794,73,190000000000000.0,12
528636794,74,190000000000000.0,11
528636794,77,50000000000000.0,0
576107598,7,800000000000000.0,0
576107598,8,800000000000000.0,0
576107598,9,800000000000000.0,0
576107598,12,300000000000000.0,0
576107598,13,600000000000000.0,0
576107598,14,900000000000000.0,0
576107598,15,1200000000000000.0,0
576107598,16,1500000000000000.0,1
576107598,17,1300000000000000.0,0
576107598,18,1400000000000000.0,0
576107598,19,1450000000000000.0,0
576107598,20,1480000000000000.0,0
576107598,21,1500000000000000.0,0
576107598,22,1550000000000000.0,1
576107598,23,1530000000000000.0,0
576107598,24,1540000000000000.0,1
576107598,25,1540000000000000.0,0
576107598,26,1540000000000000.0,0
576107598,27,1550000000000000.0,1
576107598,28,1550000000000000.0,1
576107598,29,1550000000000000.0,1
576107598,30,1550000000000000.0,0
576107598,31,1550000000000000.0,0
576107598,32,1556000000000000.0,0
576107598,33,1560000000000000.0,0
576107598,34,1570000000000000.0,0
576107598,35,1580000000000000.0,0
576107598,36,1590000000000000.0,1
576107598,37,1590000000000000.0,0
576107598,38,1600000000000000.0,0
576107598,39,1610000000000000.0,0
576107598,40,1620000000000000.0,0
576107598,41,1630000000000000.0,0
576107598,42,1640000000000000.0,0
576107598,43,1650000000000000.0,0
576107598,44,1660000000000000.0,1
576107598,45,1660000000000000.0,0
576107598,46,1670000000000000.0,0
576107598,47,1680000000000000.0,1
576107598,48,1680000000000000.0,0
576107598,49,1690000000000000.0,0
576107598,50,1700000000000000.0,1
576107598,51,1700000000000000.0,0
576107598,52,1720000000000000.0,1
576107598,53,1720000000000000.0,1
576107598,54,1720000000000000.0,0
576107598,55,1720000000000000.0,0
576107598,56,1750000000000000.0,1
576107598,58,1750000000000000.0,1
576107598,60,1750000000000000.0,1
576107598,61,1750000000000000.0,1
576107598,62,270000000000000.0,0
576107598,63,230000000000000.0,0
576107598,64,190000000000000.0,0
576107598,65,150000000000000.0,0
576107598,66,110000000000000.0,0
576107598,67,70000000000000.0,0
576107598,68,50000000000000.0,0
576107598,69,59999996185302.734,0
576107598,70,100000000000000.0,0
576107598,71,140000000000000.0,0
576107598,72,180000000000000.0,0
576107598,73,220000000000000.0,0
576107598,74,260000000000000.0,0
576107598,75,300000000000000.0,0
576107598,76,340000000000000.0,0
576107598,77,380000000000000.0,0
576107598,78,420000000000000.0,1
576107598,79,460000000000000.0,1
576107598,80,499999969482421.9,4
576107598,81,540000000000000.0,8
576107598,82,580000000000000.0,11
576107598,83,620000000000000.0,14
576107598,84,660000000000000.0,16
576107598,85,700000000000000.0,17
576107598,86,380000000000000.0,0
576107598,87,390000000000000.0,0
576107598,88,400000000000000.0,0
576107598,89,410000000000000.0,0
576107598,90,420000000000000.0,0
576107598,91,430000000000000.0,1
576107598,92,430000000000000.0,0
576107598,93,440000000000000.0,1
576107598,94,440000000000000.0,1
576107598,95,440000000000000.0,1
576107598,96,440000000000000.0,1
576107598,97,479999969482421.9,1
576107598,98,479999969482421.9,1
576107598,99,479999969482421.9,1
576107598,100,479999969482421.9,1
576107598,101,520000000000000.0,2
576107598,102,520000000000000.0,2
576107598,103,1019874938964843.8,0
576107598,104,1037375000000000.0,0
576107598,105,1019874938964843.8,0
576107598,106,1037375000000000.0,0
576107598,107,400000000000000.0,0
576107598,108,400000000000000.0,0
576107598,109,400000000000000.0,0
576107598,110,400000000000000.0,0
576107598,111,400000000000000.0,0
576107598,112,400000000000000.0,0
576107598,113,400000000000000.0,0
576107598,114,400000000000000.0,0
576107598,115,400000000000000.0,0
576107598,116,400000000000000.0,0
576107598,117,1750000000000000.0,0
576107598,118,1800000000000000.0,0
576107598,119,1899999877929687.5,0
576107598,120,2100000000000000.0,0
576107598,121,2200000000000000.0,0
576107598,122,2500000000000000.0,1
576107598,123,2300000000000000.0,1
576107598,124,2300000000000000.0,0
576107598,125,2300000000000000.0,0
576107598,126,2300000000000000.0,0
576107598,127,2300000000000000.0,0
576107598,128,2300000000000000.0,0
576107598,129,2300000000000000.0,0
576107598,130,2300000000000000.0,0
576107598,131,2300000000000000.0,0
576107598,132,2300000000000000.0,0
576107598,133,2300000000000000.0,0
576107598,134,2300000000000000.0,0
576107598,135,2300000000000000.0,0
576107598,136,2300000000000000.0,0
576107598,137,2300000000000000.0,0
576107598,138,2300000000000000.0,0
576107598,139,2300000000000000.0,0
576107598,140,2300000000000000.0,0
576107598,141,2300000000000000.0,0
576107598,142,2300000000000000.0,0
576107598,143,2300000000000000.0,0
576107598,144,2300000000000000.0,0
576107598,149,50000000000000.0,0
517689107,4,800000000000000.0,0
517689107,5,800000000000000.0,0
517689107,6,800000000000000.0,0
517689107,7,100000000000000.0,0
517689107,8,200000000000000.0,0
517689107,9,300000000000000.0,0
517689107,10,400000000000000.0,0
517689107,11,499999969482421.9,0
517689107,12,600000000000000.0,0
517689107,13,700000000000000.0,0
517689107,14,800000000000000.0,0
517689107,15,900000000000000.0,0
517689107,16,999999938964843.8,0
517689107,17,1100000000000000.0,0
517689107,18,1200000000000000.0,0
517689107,19,1300000000000000.0,0
517689107,20,1400000000000000.0,0
517689107,21,1500000000000000.0,0
517689107,22,1600000000000000.0,0
517689107,23,1700000000000000.0,0
517689107,24,1800000000000000.0,0
517689107,25,1899999877929687.5,0
517689107,26,1999999877929687.5,1
517689107,27,1949999877929687.5,0
517689107,28,1969999877929687.5,0
517689107,29,1989999877929687.5,1
517689107,30,1979999877929687.5,1
517689107,31,1979999877929687.5,1
517689107,32,1979999877929687.5,1
517689107,33,1979999877929687.5,1
517689107,34,1979999877929687.5,1
517689107,35,160000000000000.0,0
517689107,36,140000000000000.0,0
517689107,37,120000000000000.0,0
517689107,38,100000000000000.0,0
517689107,39,80000000000000.0,0
517689107,41,50000000000000.0,0
517689107,42,50000000000000.0,0
517689107,43,50000000000000.0,0
517689107,44,70000000000000.0,0
517689107,45,90000000000000.0,0
517689107,46,110000000000000.0,0
517689107,47,130000000000000.0,0
517689107,48,150000000000000.0,0
517689107,49,170000000000000.0,0
517689107,50,190000000000000.0,0
517689107,51,210000000000000.0,0
517689107,52,230000000000000.0,0
517689107,53,249999984741210.94,0
517689107,54,270000000000000.0,0
517689107,55,290000000000000.0,0
517689107,56,310000000000000.0,0
517689107,57,330000000000000.0,1
517689107,58,350000000000000.0,2
517689107,59,370000000000000.0,2
517689107,60,390000000000000.0,2
517689107,61,410000000000000.0,2
517689107,62,430000000000000.0,2
517689107,63,450000000000000.0,3
517689107,64,469999969482421.9,3
517689107,65,320000000000000.0,0
517689107,66,330000000000000.0,0
517689107,67,340000000000000.0,2
517689107,68,340000000000000.0,2
517689107,69,340000000000000.0,2
517689107,70,340000000000000.0,2
517689107,71,788125000000000.0,0
517689107,72,801625000000000.0,0
517689107,73,788125000000000.0,0
517689107,74,801625000000000.0,0
517689107,75,788125000000000.0,0
517689107,76,801625000000000.0,0
517689107,77,788125000000000.0,0
517689107,78,801625000000000.0,0
517689107,80,400000000000000.0,0
517689107,81,400000000000000.0,0
517689107,82,340000000000000.0,2
517689107,83,340000000000000.0,1
517689107,84,340000000000000.0,1
517689107,85,340000000000000.0,1
517689107,86,340000000000000.0,2
517689107,87,380000000000000.0,2
517689107,88,380000000000000.0,2
517689107,89,380000000000000.0,2
517689107,90,380000000000000.0,2
517689107,91,420000000000000.0,2
517689107,92,420000000000000.0,2
517689107,93,420000000000000.0,2
517689107,94,420000000000000.0,2
517689107,97,50000000000000.0,0
508298270,4,800000000000000.0,0
508298270,5,800000000000000.0,0
508298270,6,800000000000000.0,0
508298270,7,100000000000000.0,0
508298270,8,200000000000000.0,0
508298270,9,300000000000000.0,0
508298270,10,400000000000000.0,0
508298270,11,499999969482421.9,0
508298270,12,600000000000000.0,0
508298270,13,700000000000000.0,0
508298270,14,800000000000000.0,0
508298270,15,900000000000000.0,0
508298270,16,999999938964843.8,0
508298270,17,1100000000000000.0,0
508298270,18,1200000000000000.0,0
508298270,19,1300000000000000.0,0
508298270,20,1400000000000000.0,0
508298270,21,1500000000000000.0,0
508298270,22,1600000000000000.0,0
508298270,23,1700000000000000.0,0
508298270,24,1800000000000000.0,0
508298270,25,1899999877929687.5,0
508298270,26,1999999877929687.5,0
508298270,27,2100000000000000.0,0
508298270,28,2200000000000000.0,2
508298270,29,2150000000000000.0,2
508298270,30,2130000000000000.0,0
508298270,31,2140000000000000.0,0
508298270,32,2150000000000000.0,0
508298270,33,2160000000000000.0,0
508298270,34,2170000000000000.0,0
508298270,35,2190000000000000.0,0
508298270,36,2210000000000000.0,0
508298270,37,2230000000000000.0,0
508298270,38,2250000000000000.0,0
508298270,39,2270000000000000.0,2
508298270,40,2260000000000000.0,0
508298270,41,2270000000000000.0,0
508298270,42,2300000000000000.0,2
508298270,43,2280000000000000.0,2
508298270,44,2280000000000000.0,2
508298270,45,2280000000000000.0,2
508298270,46,2280000000000000.0,2
508298270,47,2280000000000000.0,2
508298270,48,2280000000000000.0,2
508298270,49,160000000000000.0,0
508298270,50,140000000000000.0,0
508298270,51,120000000000000.0,0
508298270,52,100000000000000.0,0
508298270,53,80000000000000.0,0
508298270,54,60000000000000.0,0
508298270,55,50000000000000.0,0
508298270,56,50000000000000.0,0
508298270,57,50000000000000.0,0
508298270,58,70000000000000.0,0
508298270,59,90000000000000.0,0
508298270,60,110000000000000.0,0
508298270,61,130000000000000.0,0
508298270,62,150000000000000.0,0
508298270,63,170000000000000.0,0
508298270,64,190000000000000.0,0
508298270,65,210000000000000.0,2
508298270,66,230000000000000.0,3
508298270,67,249999984741210.94,3
508298270,68,270000000000000.0,3
508298270,69,290000000000000.0,3
508298270,70,310000000000000.0,3
508298270,71,330000000000000.0,3
508298270,72,350000000000000.0,3
508298270,73,200000000000000.0,0
508298270,74,220000000000000.0,2
508298270,75,210000000000000.0,2
508298270,76,210000000000000.0,2
508298270,78,210000000000000.0,0
508298270,79,220000000000000.0,2
508298270,80,220000000000000.0,2
508298270,81,220000000000000.0,2
508298270,82,220000000000000.0,2
508298270,85,220000000000000.0,2
508298270,86,200000000000000.0,0
508298270,87,210000000000000.0,0
508298270,88,220000000000000.0,0
508298270,89,230000000000000.0,2
508298270,91,542250000000000.0,0
508298270,103,50000000000000.0,0
545612828,5,800000000000000.0,0
545612828,6,800000000000000.0,0
545612828,7,800000000000000.0,0
545612828,8,100000000000000.0,0
545612828,9,200000000000000.0,0
545612828,10,300000000000000.0,0
545612828,11,400000000000000.0,0
545612828,12,499999969482421.9,0
545612828,13,600000000000000.0,0
545612828,14,700000000000000.0,0
545612828,15,800000000000000.0,0
545612828,16,900000000000000.0,0
545612828,17,999999938964843.8,0
545612828,18,1100000000000000.0,0
545612828,19,1200000000000000.0,0
545612828,20,1300000000000000.0,0
545612828,21,1400000000000000.0,0
545612828,22,1500000000000000.0,0
545612828,23,1600000000000000.0,0
545612828,24,1700000000000000.0,0
545612828,25,1800000000000000.0,0
545612828,26,1899999877929687.5,0
545612828,27,1999999877929687.5,0
545612828,28,2100000000000000.0,0
545612828,29,2200000000000000.0,0
545612828,30,2300000000000000.0,0
545612828,31,2400000000000000.0,0
545612828,32,2500000000000000.0,0
545612828,33,2600000000000000.0,0
545612828,34,2700000000000000.0,0
545612828,35,2800000000000000.0,0
545612828,36,2900000000000000.0,1
545612828,37,2850000000000000.0,1
545612828,38,2830000000000000.0,1
545612828,39,2810000000000000.0,0
545612828,40,2820000000000000.0,0
545612828,41,2830000000000000.0,0
545612828,42,2840000000000000.0,0
545612828,43,2850000000000000.0,0
545612828,44,2870000000000000.0,1
545612828,45,2860000000000000.0,0
545612828,46,2870000000000000.0,0
545612828,47,2880000000000000.0,0
545612828,48,2890000000000000.0,1
545612828,49,2890000000000000.0,1
545612828,50,2890000000000000.0,1
545612828,51,2890000000000000.0,0
545612828,52,2890000000000000.0,0
545612828,53,160000000000000.0,0
545612828,54,140000000000000.0,0
545612828,55,120000000000000.0,0
545612828,56,100000000000000.0,0
545612828,57,80000000000000.0,0
545612828,58,60000000000000.0,0
545612828,59,50000000000000.0,0
545612828,60,50000000000000.0,0
545612828,61,50000000000000.0,0
545612828,62,70000000000000.0,0
545612828,63,90000000000000.0,0
545612828,64,110000000000000.0,0
545612828,65,130000000000000.0,0
545612828,66,150000000000000.0,0
545612828,67,170000000000000.0,0
545612828,68,190000000000000.0,0
545612828,69,210000000000000.0,0
545612828,70,230000000000000.0,0
545612828,71,249999984741210.94,0
545612828,72,270000000000000.0,0
545612828,73,290000000000000.0,0
545612828,74,310000000000000.0,0
545612828,75,330000000000000.0,0
545612828,76,350000000000000.0,0
545612828,77,370000000000000.0,0
545612828,78,390000000000000.0,0
545612828,79,410000000000000.0,0
545612828,80,430000000000000.0,0
545612828,81,450000000000000.0,0
545612828,82,469999969482421.9,0
545612828,83,489999969482421.9,0
545612828,84,509999969482421.9,0
545612828,85,530000000000000.0,1
545612828,86,550000000000000.0,1
545612828,87,570000000000000.0,1
545612828,88,590000000000000.0,2
545612828,89,610000000000000.0,3
545612828,90,630000000000000.0,3
545612828,91,650000000000000.0,4
545612828,92,670000000000000.0,6
545612828,93,499999969482421.9,0
545612828,94,509999969482421.9,1
545612828,95,509999969482421.9,1
545612828,96,509999969482421.9,1
545612828,97,509999969482421.9,1
545612828,98,1182125000000000.0,0
545612828,99,1202375000000000.0,0
545612828,100,1182125000000000.0,0
545612828,101,1202375000000000.0,0
545612828,102,1182125000000000.0,0
545612828,103,1202375000000000.0,0
545612828,104,1182125000000000.0,0
545612828,105,1202375000000000.0,0
545612828,107,400000000000000.0,0
545612828,108,400000000000000.0,0
545612828,112,50000000000000.0,0
545612828,113,50000000000000.0,0
527952884,4,800000000000000.0,0
527952884,5,800000000000000.0,0
527952884,6,800000000000000.0,0
527952884,7,100000000000000.0,0
527952884,9,300000000000000.0,0
527952884,10,400000000000000.0,0
527952884,12,450000000000000.0,0
527952884,13,469999969482421.9,0
527952884,14,489999969482421.9,0
527952884,15,499999969482421.9,0
527952884,16,509999969482421.9,1
527952884,17,509999969482421.9,1
527952884,18,509999969482421.9,1
527952884,19,509999969482421.9,0
527952884,20,509999969482421.9,0
527952884,21,520000000000000.0,1
527952884,23,520000000000000.0,0
527952884,24,530000000000000.0,1
527952884,25,530000000000000.0,1
527952884,26,530000000000000.0,1
527952884,27,530000000000000.0,1
527952884,28,530000000000000.0,1
527952884,29,160000000000000.0,0
527952884,31,120000000000000.0,0
527952884,32,100000000000000.0,0
527952884,33,80000000000000.0,0
527952884,34,60000000000000.0,0
527952884,35,50000000000000.0,0
527952884,36,50000000000000.0,0
527952884,37,50000000000000.0,3
527952884,39,90000000000000.0,12
527952884,40,110000000000000.0,16
527952884,41,130000000000000.0,20
527952884,42,150000000000000.0,25
527952884,43,170000000000000.0,29
527952884,48,50000000000000.0,0
527952884,50,59999996185302.734,1
527952884,51,59999996185302.734,2
527952884,56,141250000000000.0,0
527952884,58,141250000000000.0,0
527952884,66,59999996185302.734,1
527952884,67,59999996185302.734,1
527952884,68,59999996185302.734,1
527952884,69,100000000000000.0,12
527952884,70,100000000000000.0,10
527952884,71,100000000000000.0,11
527952884,72,100000000000000.0,12
527952884,73,140000000000000.0,20
527952884,74,140000000000000.0,20
527952884,75,140000000000000.0,20
527952884,77,530000000000000.0,0
527952884,79,550000000000000.0,0
527952884,81,550000000000000.0,0
527952884,82,550000000000000.0,0
527952884,83,550000000000000.0,0
527952884,84,550000000000000.0,0
527952884,86,550000000000000.0,0
527952884,87,550000000000000.0,0
527952884,88,550000000000000.0,0
527952884,89,550000000000000.0,0
527952884,91,550000000000000.0,0
527952884,92,550000000000000.0,0
527952884,93,550000000000000.0,0
527952884,95,550000000000000.0,0
527952884,97,550000000000000.0,0
527952884,98,550000000000000.0,0
527952884,99,550000000000000.0,0
527952884,101,257500000000000.0,0
527952884,105,50000000000000.0,0
488701127,3,800000000000000.0,0
488701127,4,800000000000000.0,0
488701127,5,800000000000000.0,0
488701127,6,100000000000000.0,0
488701127,7,200000000000000.0,0
488701127,9,400000000000000.0,0
488701127,10,499999969482421.9,0
488701127,11,600000000000000.0,1
488701127,14,530000000000000.0,0
488701127,15,540000000000000.0,0
488701127,16,550000000000000.0,0
488701127,17,560000000000000.0,1
488701127,18,560000000000000.0,1
488701127,19,560000000000000.0,1
488701127,20,560000000000000.0,1
488701127,21,560000000000000.0,1
488701127,22,160000000000000.0,0
488701127,23,140000000000000.0,0
488701127,24,120000000000000.0,0
488701127,25,100000000000000.0,0
488701127,26,80000000000000.0,0
488701127,27,60000000000000.0,0
488701127,28,50000000000000.0,0
488701127,29,50000000000000.0,0
488701127,30,50000000000000.0,0
488701127,32,90000000000000.0,0
488701127,33,110000000000000.0,7
488701127,35,150000000000000.0,13
488701127,36,170000000000000.0,16
488701127,37,190000000000000.0,19
488701127,38,210000000000000.0,21
488701127,39,230000000000000.0,25
488701127,40,249999984741210.94,26
488701127,42,100000000000000.0,3
488701127,43,90000000000000.0,0
488701127,44,100000000000000.0,3
488701127,45,100000000000000.0,3
488701127,46,231750000000000.0,0
488701127,47,235750000000000.0,0
488701127,48,231750000000000.0,0
488701127,49,235750000000000.0,0
488701127,50,231750000000000.0,0
488701127,51,235750000000000.0,0
488701127,52,231750000000000.0,0
488701127,53,235750000000000.0,0
488701127,55,400000000000000.0,0
488701127,56,400000000000000.0,0
488701127,57,100000000000000.0,0
488701127,58,560000000000000.0,0
488701127,61,570000000000000.0,0
488701127,63,580000000000000.0,1
488701127,64,580000000000000.0,0
488701127,65,580000000000000.0,0
488701127,67,590000000000000.0,0
488701127,69,590000000000000.0,1
488701127,70,590000000000000.0,0
488701127,71,590000000000000.0,0
488701127,72,590000000000000.0,0
488701127,73,590000000000000.0,0
488701127,74,590000000000000.0,0
488701127,75,590000000000000.0,0
488701127,76,590000000000000.0,0
488701127,77,590000000000000.0,0
488701127,78,590000000000000.0,0
488701127,80,590000000000000.0,0
488701127,81,590000000000000.0,0
488701127,82,590000000000000.0,0
488701127,84,590000000000000.0,0
488701127,85,590000000000000.0,0
488701127,87,590000000000000.0,0
488701127,88,100000000000000.0,2
488701127,90,100000000000000.0,3
488701127,92,100000000000000.0,1
488701127,94,140000000000000.0,11
488701127,95,140000000000000.0,11
488701127,96,140000000000000.0,11
488701127,97,180000000000000.0,17
488701127,98,180000000000000.0,17
488701127,99,180000000000000.0,18
488701127,100,180000000000000.0,16
488701127,103,50000000000000.0,0
561469082,6,800000000000000.0,0
561469082,7,800000000000000.0,0
561469082,8,100000000000000.0,0
561469082,9,200000000000000.0,0
561469082,10,300000000000000.0,0
561469082,11,400000000000000.0,0
561469082,12,499999969482421.9,0
561469082,13,600000000000000.0,1
561469082,14,550000000000000.0,1
561469082,15,530000000000000.0,0
561469082,16,540000000000000.0,0
561469082,17,550000000000000.0,1
561469082,18,550000000000000.0,0
561469082,19,560000000000000.0,1
561469082,20,560000000000000.0,0
561469082,21,570000000000000.0,1
561469082,22,570000000000000.0,1
561469082,23,570000000000000.0,1
561469082,24,570000000000000.0,1
561469082,25,570000000000000.0,1
561469082,26,160000000000000.0,0
561469082,27,140000000000000.0,0
561469082,28,120000000000000.0,0
561469082,29,100000000000000.0,0
561469082,30,80000000000000.0,0
561469082,31,60000000000000.0,0
561469082,32,50000000000000.0,0
561469082,33,50000000000000.0,0
561469082,34,50000000000000.0,0
561469082,35,70000000000000.0,0
561469082,36,90000000000000.0,0
561469082,37,110000000000000.0,0
561469082,38,130000000000000.0,0
561469082,39,150000000000000.0,0
561469082,40,170000000000000.0,3
561469082,41,190000000000000.0,12
561469082,42,210000000000000.0,17
561469082,43,230000000000000.0,30
561469082,44,249999984741210.94,36
561469082,45,270000000000000.0,44
561469082,46,290000000000000.0,52
561469082,47,310000000000000.0,58
561469082,48,160000000000000.0,0
561469082,49,170000000000000.0,0
561469082,50,180000000000000.0,0
561469082,51,200000000000000.0,0
561469082,52,220000000000000.0,4
561469082,53,210000000000000.0,1
561469082,54,210000000000000.0,0
561469082,55,220000000000000.0,2
561469082,56,220000000000000.0,2
561469082,57,220000000000000.0,6
561469082,58,220000000000000.0,3
561469082,59,509874969482421.9,0
561469082,60,518625000000000.0,0
561469082,61,509874969482421.9,0
561469082,62,518625000000000.0,0
561469082,65,400000000000000.0,0
561469082,69,50000000000000.0,0
561469082,70,50000000000000.0,0
